Epoch	SuccessRate	AverageLossPi	AverageLossQ	AverageMMDEntropy	TotalEnvInteracts
1	0.0	1.0730605	0.070572235	0.0	80000
2	0.0	1.6348206	0.055889696	0.0	160000
3	0.6000000238418579	1.6531057	0.057153985	0.0	240000
4	0.6875	1.5025599	0.05655474	0.0	320000
5	0.668749988079071	1.3842154	0.05557129	0.0	400000
6	0.706250011920929	1.4141634	0.0521817	0.0	480000
7	0.7250000238418579	1.4150258	0.052688323	0.0	560000
8	0.668749988079071	1.4468957	0.053290717	0.0	640000
9	0.699999988079071	1.5130838	0.053944148	0.0	720000
10	0.7124999761581421	1.4835196	0.052393053	0.0	800000
11	0.7062499523162842	1.404802	0.053005293	0.0	880000
12	0.7124999761581421	1.3603172	0.05098677	0.0	960000
13	0.7437499761581421	1.3956167	0.051239505	0.0	1040000
14	0.7937500476837158	1.4092461	0.05354747	0.0	1120000
15	0.8187500238418579	1.4238309	0.05392774	0.0	1200000
16	0.737500011920929	1.4020333	0.053939056	0.0	1280000
17	0.75	1.409238	0.05526477	0.0	1360000
18	0.831250011920929	1.4150239	0.05363966	0.0	1440000
19	0.8624999523162842	1.4289386	0.056266032	0.0	1520000
20	0.7875000238418579	1.4293418	0.058135953	0.0	1600000
21	0.8312499523162842	1.4438239	0.058703758	0.0	1680000
22	0.8125	1.4036028	0.060812306	0.0	1760000
23	0.862500011920929	1.3751116	0.059668135	0.0	1840000
24	0.8937499523162842	1.391148	0.060071953	0.0	1920000
25	0.8624999523162842	1.4023225	0.060821824	0.0	2000000
26	0.8187500238418579	1.3975704	0.06107131	0.0	2080000
27	0.90625	1.4181411	0.067111686	0.0	2160000
28	0.8562500476837158	1.4343282	0.067205064	0.0	2240000
29	0.887499988079071	1.4303315	0.07000915	0.0	2320000
30	0.8624999523162842	1.4440613	0.06956606	0.0	2400000
31	0.8500000238418579	1.4381155	0.069610864	0.0	2480000
32	0.862500011920929	1.4280798	0.070848875	0.0	2560000
33	0.8624999523162842	1.4134291	0.07171138	0.0	2640000
34	0.8999999761581421	1.3782225	0.070250526	0.0	2720000
35	0.8500000238418579	1.3798379	0.07069594	0.0	2800000
36	0.8687499761581421	1.3585496	0.07189273	0.0	2880000
37	0.8999999761581421	1.3579588	0.07126494	0.0	2960000
38	0.893750011920929	1.3746711	0.07359746	0.0	3040000
39	0.918749988079071	1.3820708	0.07270277	0.0	3120000
40	0.8687499761581421	1.4092945	0.07823945	0.0	3200000
41	0.875	1.4162838	0.07562546	0.0	3280000
42	0.8624999523162842	1.4281328	0.07921957	0.0	3360000
43	0.8624999523162842	1.4440867	0.07831342	0.0	3440000
44	0.8812499642372131	1.4775323	0.08240595	0.0	3520000
45	0.8875000476837158	1.4818213	0.07924748	0.0	3600000
46	0.90625	1.514064	0.0815639	0.0	3680000
47	0.856249988079071	1.5044228	0.08033352	0.0	3760000
48	0.875	1.5050436	0.08569968	0.0	3840000
49	0.8374999761581421	1.5256958	0.08282206	0.0	3920000
50	0.9187499284744263	1.515376	0.082691334	0.0	4000000
51	0.8999999761581421	1.5365244	0.0850213	0.0	4080000
52	0.8999999761581421	1.5525391	0.083911724	0.0	4160000
53	0.8999999761581421	1.5462871	0.08663237	0.0	4240000
54	0.887499988079071	1.5631897	0.08218245	0.0	4320000
55	0.824999988079071	1.5870483	0.08630598	0.0	4400000
56	0.8624999523162842	1.5815755	0.08714909	0.0	4480000
57	0.90625	1.5923163	0.08831938	0.0	4560000
58	0.8187499642372131	1.5948745	0.089660265	0.0	4640000
59	0.875	1.5939119	0.08907281	0.0	4720000
60	0.8687499761581421	1.610379	0.08910635	0.0	4800000
61	0.925000011920929	1.6145672	0.088280536	0.0	4880000
62	0.8062499761581421	1.6145482	0.09085779	0.0	4960000
63	0.893750011920929	1.605708	0.0893264	0.0	5040000
64	0.8999999761581421	1.6326653	0.09132279	0.0	5120000
65	0.9124999642372131	1.644811	0.09266605	0.0	5200000
66	0.84375	1.6370008	0.090030394	0.0	5280000
67	0.887499988079071	1.6544302	0.09425994	0.0	5360000
68	0.8687499761581421	1.6261187	0.094612196	0.0	5440000
69	0.8374999761581421	1.6456467	0.09301062	0.0	5520000
70	0.925000011920929	1.6213542	0.09895875	0.0	5600000
71	0.887499988079071	1.6380515	0.09422712	0.0	5680000
72	0.90625	1.6766685	0.09687728	0.0	5760000
73	0.887499988079071	1.6559446	0.09521793	0.0	5840000
74	0.875	1.6531638	0.093851335	0.0	5920000
75	0.8500000238418579	1.6765506	0.09803073	0.0	6000000
76	0.8999999761581421	1.6774052	0.09515857	0.0	6080000
77	0.8687499761581421	1.6873405	0.09562723	0.0	6160000
78	0.8374999761581421	1.6923418	0.09837735	0.0	6240000
79	0.875	1.6804241	0.09497183	0.0	6320000
80	0.7250000238418579	1.6897596	0.09531222	0.0	6400000
81	0.8687499761581421	1.6971135	0.09764227	0.0	6480000
82	0.8812499642372131	1.7137177	0.09531992	0.0	6560000
83	0.8687499761581421	1.6949049	0.09345976	0.0	6640000
84	0.887499988079071	1.7048181	0.0935625	0.0	6720000
85	0.875	1.6983643	0.09650418	0.0	6800000
86	0.8812500238418579	1.7151425	0.099646054	0.0	6880000
87	0.875	1.7314119	0.09571913	0.0	6960000
88	0.824999988079071	1.738463	0.094624214	0.0	7040000
89	0.856249988079071	1.7451309	0.0942025	0.0	7120000
90	0.8687499761581421	1.7315749	0.09726548	0.0	7200000
91	0.8812500238418579	1.7187402	0.09379291	0.0	7280000
92	0.8562499284744263	1.7263106	0.09680074	0.0	7360000
93	0.9125000238418579	1.717988	0.0880712	0.0	7440000
94	0.9125000238418579	1.7422097	0.09450263	0.0	7520000
95	0.875	1.7508008	0.09708861	0.0	7600000
96	0.9375	1.7318883	0.09349036	0.0	7680000
97	0.84375	1.7485789	0.09416711	0.0	7760000
98	0.856249988079071	1.7342662	0.09684897	0.0	7840000
99	0.887499988079071	1.7225171	0.09140674	0.0	7920000
100	0.875	1.7555758	0.0962589	0.0	8000000
101	0.8999999761581421	1.735437	0.09445788	0.0	8080000
102	0.8687499761581421	1.7434958	0.0913324	0.0	8160000
103	0.8312499523162842	1.7569844	0.09414555	0.0	8240000
104	0.8500000238418579	1.7535254	0.09162391	0.0	8320000
105	0.90625	1.7547936	0.09063051	0.0	8400000
106	0.8562500476837158	1.7612407	0.092950575	0.0	8480000
107	0.8500000238418579	1.757708	0.088465616	0.0	8560000
108	0.9187499284744263	1.7683889	0.089558795	0.0	8640000
109	0.90625	1.7595588	0.09250821	0.0	8720000
110	0.862500011920929	1.7628173	0.08848804	0.0	8800000
111	0.8562500476837158	1.7598963	0.090513445	0.0	8880000
112	0.875	1.7574172	0.08955807	0.0	8960000
113	0.831250011920929	1.7418032	0.09020799	0.0	9040000
114	0.8250000476837158	1.7475399	0.08616603	0.0	9120000
115	0.875	1.7631109	0.08610827	0.0	9200000
116	0.90625	1.7362676	0.08567955	0.0	9280000
117	0.90625	1.7317137	0.088115506	0.0	9360000
118	0.8624999523162842	1.7271351	0.08210332	0.0	9440000
119	0.8812500238418579	1.7376066	0.08602795	0.0	9520000
120	0.875	1.7395868	0.084740035	0.0	9600000
121	0.862500011920929	1.7342119	0.083314165	0.0	9680000
122	0.8812500238418579	1.754493	0.08474649	0.0	9760000
123	0.8687499761581421	1.749796	0.08289168	0.0	9840000
124	0.8687499761581421	1.7564355	0.086980514	0.0	9920000
125	0.8937499523162842	1.7372345	0.08373462	0.0	10000000
126	0.8999999761581421	1.7487028	0.087168105	0.0	10080000
127	0.8624999523162842	1.744581	0.08319004	0.0	10160000
128	0.768750011920929	1.7337393	0.0806964	0.0	10240000
129	0.8812500238418579	1.7476231	0.085216016	0.0	10320000
130	0.8125	1.7435155	0.081890665	0.0	10400000
131	0.893750011920929	1.7397264	0.0826538	0.0	10480000
132	0.9437500238418579	1.7422671	0.086947404	0.0	10560000
133	0.8687499761581421	1.7469192	0.080366105	0.0	10640000
134	0.893750011920929	1.7446787	0.08300479	0.0	10720000
135	0.831250011920929	1.7291719	0.082190275	0.0	10800000
136	0.8937499523162842	1.7087882	0.07909809	0.0	10880000
137	0.8999999761581421	1.7139817	0.08162813	0.0	10960000
138	0.8312499523162842	1.7066753	0.07762391	0.0	11040000
139	0.918749988079071	1.7279321	0.081318386	0.0	11120000
140	0.824999988079071	1.7013733	0.077896334	0.0	11200000
141	0.856249988079071	1.721751	0.077271774	0.0	11280000
142	0.8624999523162842	1.6961734	0.08072809	0.0	11360000
143	0.856249988079071	1.7171093	0.0791437	0.0	11440000
144	0.8125	1.698848	0.08107185	0.0	11520000
145	0.824999988079071	1.7230303	0.07916297	0.0	11600000
146	0.9249999523162842	1.6986259	0.07869574	0.0	11680000
147	0.8812499642372131	1.7074137	0.08164404	0.0	11760000
148	0.856249988079071	1.7004619	0.078445524	0.0	11840000
149	0.9312499761581421	1.6900895	0.081519045	0.0	11920000
150	0.8500000238418579	1.7249038	0.07934279	0.0	12000000
151	0.8812499642372131	1.7106267	0.08252741	0.0	12080000
152	0.918749988079071	1.720335	0.0756399	0.0	12160000
153	0.8125	1.723223	0.07888631	0.0	12240000
154	0.9187499284744263	1.6933423	0.077377684	0.0	12320000
155	0.800000011920929	1.6930512	0.080101535	0.0	12400000
156	0.856249988079071	1.6902105	0.07907078	0.0	12480000
157	0.8812500238418579	1.7065614	0.07919434	0.0	12560000
158	0.893750011920929	1.6969907	0.075844444	0.0	12640000
159	0.893750011920929	1.680314	0.076980084	0.0	12720000
160	0.8687499761581421	1.6569076	0.075856306	0.0	12800000
161	0.9125000238418579	1.6774099	0.07826496	0.0	12880000
162	0.862500011920929	1.6638564	0.07752008	0.0	12960000
163	0.8624999523162842	1.6758208	0.07794894	0.0	13040000
164	0.8500000238418579	1.6565585	0.07750215	0.0	13120000
165	0.8812500238418579	1.647373	0.0711476	0.0	13200000
166	0.875	1.6629508	0.078171104	0.0	13280000
167	0.8812500238418579	1.6417085	0.07182176	0.0	13360000
168	0.875	1.6464145	0.07377548	0.0	13440000
169	0.949999988079071	1.6318233	0.07266769	0.0	13520000
170	0.8999999761581421	1.6471868	0.07286832	0.0	13600000
171	0.8812500238418579	1.6204151	0.0715863	0.0	13680000
172	0.9124999642372131	1.610457	0.07253787	0.0	13760000
173	0.8999999761581421	1.6260904	0.072777495	0.0	13840000
174	0.918749988079071	1.6314366	0.074593715	0.0	13920000
175	0.875	1.6262745	0.072112545	0.0	14000000
176	0.8937499523162842	1.6205331	0.070558324	0.0	14080000
177	0.84375	1.620915	0.0695402	0.0	14160000
178	0.800000011920929	1.5986754	0.07107288	0.0	14240000
179	0.8624999523162842	1.6029665	0.06959724	0.0	14320000
180	0.887499988079071	1.6059372	0.07052459	0.0	14400000
181	0.90625	1.6062965	0.06865481	0.0	14480000
182	0.8374999761581421	1.6044731	0.0683524	0.0	14560000
183	0.824999988079071	1.5757476	0.07074812	0.0	14640000
184	0.8687499761581421	1.6241311	0.070532255	0.0	14720000
185	0.918749988079071	1.5995525	0.067830175	0.0	14800000
186	0.887499988079071	1.59646	0.07054702	0.0	14880000
187	0.8374999761581421	1.6107974	0.06911429	0.0	14960000
188	0.949999988079071	1.5949672	0.06897516	0.0	15040000
189	0.8624999523162842	1.5839028	0.06961766	0.0	15120000
190	0.8999999761581421	1.5821884	0.06957788	0.0	15200000
191	0.9124999642372131	1.5843503	0.07120607	0.0	15280000
192	0.893750011920929	1.578393	0.070513636	0.0	15360000
193	0.875	1.5679377	0.06881533	0.0	15440000
194	0.8999999761581421	1.5751833	0.07168889	0.0	15520000
195	0.8687499761581421	1.5752289	0.0706217	0.0	15600000
196	0.8687499761581421	1.5541289	0.06818782	0.0	15680000
197	0.8999999761581421	1.5628816	0.06892218	0.0	15760000
198	0.9125000238418579	1.5885478	0.07203335	0.0	15840000
199	0.84375	1.5729321	0.06874631	0.0	15920000
200	0.9124999642372131	1.5734458	0.06817246	0.0	16000000
201	0.918749988079071	1.5601375	0.07031184	0.0	16080000
202	0.887499988079071	1.5756258	0.06856021	0.0	16160000
203	0.90625	1.5836405	0.0705393	0.0	16240000
204	0.875	1.5812219	0.07004815	0.0	16320000
205	0.887499988079071	1.5705509	0.071035355	0.0	16400000
206	0.9375	1.568728	0.07001367	0.0	16480000
207	0.9312499761581421	1.547747	0.06942461	0.0	16560000
208	0.8687499761581421	1.5417705	0.07091473	0.0	16640000
209	0.8624999523162842	1.5512698	0.06864212	0.0	16720000
210	0.918749988079071	1.5552095	0.06974947	0.0	16800000
211	0.90625	1.5377148	0.06720126	0.0	16880000
212	0.8500000238418579	1.5637515	0.07255765	0.0	16960000
213	0.9062499403953552	1.5489851	0.0691225	0.0	17040000
214	0.856249988079071	1.5339749	0.06617314	0.0	17120000
215	0.8812499642372131	1.5619876	0.06827841	0.0	17200000
216	0.9125000238418579	1.5637258	0.067025766	0.0	17280000
217	0.8125	1.565324	0.067749165	0.0	17360000
218	0.8937499523162842	1.5501369	0.07049945	0.0	17440000
219	0.8999999761581421	1.5562761	0.06821736	0.0	17520000
220	0.8562500476837158	1.5612988	0.06809871	0.0	17600000
221	0.8812500238418579	1.5568064	0.068492524	0.0	17680000
222	0.8812500238418579	1.5539372	0.06877592	0.0	17760000
223	0.8562500476837158	1.5555013	0.0706712	0.0	17840000
224	0.9124999642372131	1.5629177	0.07031049	0.0	17920000
225	0.887499988079071	1.5643554	0.06795546	0.0	18000000
226	0.8624999523162842	1.5675504	0.06926781	0.0	18080000
227	0.8812500238418579	1.5769817	0.07309914	0.0	18160000
228	0.8874999284744263	1.5641721	0.06932385	0.0	18240000
229	0.8999999761581421	1.5520713	0.06940498	0.0	18320000
230	0.918749988079071	1.5410426	0.07081177	0.0	18400000
231	0.8812500238418579	1.555594	0.07278945	0.0	18480000
232	0.8937499523162842	1.5580463	0.069775485	0.0	18560000
233	0.8812499642372131	1.541133	0.070790485	0.0	18640000
234	0.8687499761581421	1.5444168	0.0707867	0.0	18720000
235	0.856249988079071	1.527781	0.07026807	0.0	18800000
236	0.9125000238418579	1.5157429	0.0713556	0.0	18880000
237	0.7749999761581421	1.5004387	0.06815166	0.0	18960000
238	0.893750011920929	1.5141993	0.068720944	0.0	19040000
239	0.8812500238418579	1.4989461	0.06479217	0.0	19120000
240	0.9437500238418579	1.5239688	0.06722906	0.0	19200000
241	0.887499988079071	1.4950339	0.06610215	0.0	19280000
242	0.9249999523162842	1.5243386	0.06743233	0.0	19360000
243	0.8624999523162842	1.5179236	0.0671228	0.0	19440000
244	0.918749988079071	1.5071408	0.06811763	0.0	19520000
245	0.8812500238418579	1.5106215	0.06826688	0.0	19600000
246	0.8500000238418579	1.5005081	0.0665144	0.0	19680000
247	0.9125000238418579	1.509792	0.06875696	0.0	19760000
248	0.9249999523162842	1.4949094	0.06745892	0.0	19840000
249	0.8499999642372131	1.5015564	0.06684939	0.0	19920000
250	0.9375	1.4976012	0.06666948	0.0	20000000
251	0.9312499761581421	1.509283	0.06544153	0.0	20080000
252	0.8999999761581421	1.5147316	0.06725843	0.0	20160000
253	0.9312499761581421	1.5015804	0.06639218	0.0	20240000
254	0.90625	1.5174204	0.06789067	0.0	20320000
255	0.9125000238418579	1.4919802	0.06699749	0.0	20400000
256	0.8999999761581421	1.4972725	0.065975904	0.0	20480000
257	0.8999999761581421	1.5187358	0.06556207	0.0	20560000
258	0.8624999523162842	1.5098919	0.067602776	0.0	20640000
259	0.7687499523162842	1.5087448	0.06632268	0.0	20720000
260	0.856249988079071	1.5131782	0.06568606	0.0	20800000
261	0.9124999642372131	1.5142624	0.0662533	0.0	20880000
262	0.8687499761581421	1.5294231	0.067489624	0.0	20960000
263	0.9249999523162842	1.50073	0.06691583	0.0	21040000
264	0.84375	1.5371658	0.06717394	0.0	21120000
265	0.90625	1.5276853	0.067827255	0.0	21200000
266	0.925000011920929	1.5209144	0.06703	0.0	21280000
267	0.9124999642372131	1.513396	0.06686027	0.0	21360000
268	0.8687499761581421	1.4977776	0.06765158	0.0	21440000
269	0.7687499523162842	1.4925705	0.06614304	0.0	21520000
270	0.8562500476837158	1.5135573	0.06903839	0.0	21600000
271	0.9125000238418579	1.497787	0.0676078	0.0	21680000
272	0.875	1.4815555	0.066557705	0.0	21760000
273	0.8937499523162842	1.4844768	0.06795112	0.0	21840000
274	0.9375	1.4710234	0.062458824	0.0	21920000
275	0.8937499523162842	1.490834	0.06554835	0.0	22000000
276	0.7562500238418579	1.4906493	0.06211746	0.0	22080000
277	0.9125000238418579	1.4941968	0.066199005	0.0	22160000
278	0.8312499523162842	1.4747993	0.06766484	0.0	22240000
279	0.918749988079071	1.4886656	0.0659086	0.0	22320000
280	0.887499988079071	1.4807904	0.0690223	0.0	22400000
281	0.887499988079071	1.5144695	0.069659345	0.0	22480000
282	0.8999999761581421	1.5189838	0.069749214	0.0	22560000
283	0.893750011920929	1.4947561	0.06974788	0.0	22640000
284	0.9124999642372131	1.5019925	0.06681712	0.0	22720000
285	0.918749988079071	1.4792483	0.067538135	0.0	22800000
286	0.9375	1.4834685	0.06683922	0.0	22880000
287	0.9437500238418579	1.4803693	0.07352508	0.0	22960000
288	0.9125000238418579	1.4822994	0.06903203	0.0	23040000
289	0.8624999523162842	1.505619	0.06821715	0.0	23120000
290	0.862500011920929	1.5009382	0.06678868	0.0	23200000
291	0.90625	1.4851375	0.06663988	0.0	23280000
292	0.8562500476837158	1.4844689	0.06820864	0.0	23360000
293	0.887499988079071	1.4711765	0.06528	0.0	23440000
294	0.9249999523162842	1.4797509	0.066780485	0.0	23520000
295	0.831250011920929	1.4758168	0.065356046	0.0	23600000
296	0.9125000238418579	1.4810457	0.06761443	0.0	23680000
297	0.9124999642372131	1.4581736	0.06873825	0.0	23760000
298	0.925000011920929	1.4824532	0.066771135	0.0	23840000
299	0.8374999761581421	1.4638052	0.071026795	0.0	23920000
300	0.893750011920929	1.4375807	0.06671445	0.0	24000000
