Epoch	SuccessRate	AverageLossPi	AverageLossQ	TotalEnvInteracts
1	0.0	1.2181916	0.08701551	160000
2	0.0	1.900748	0.06840779	320000
3	0.0	2.4755394	0.08434274	480000
4	0.0062500000931322575	2.9632487	0.09624367	640000
5	0.0062500000931322575	3.4024508	0.10087265	800000
6	0.0	3.7748895	0.103284106	960000
7	0.0	4.184028	0.10584012	1120000
8	0.0062500000931322575	4.5493417	0.11237257	1280000
9	0.0062500000931322575	4.886469	0.1182689	1440000
10	0.0	5.2420545	0.12442581	1600000
11	0.0	5.503687	0.13129064	1760000
12	0.01875000074505806	5.790481	0.1393864	1920000
13	0.012500000186264515	6.061422	0.14715771	2080000
14	0.0	6.279053	0.15821347	2240000
15	0.01875000074505806	6.5040245	0.16851825	2400000
16	0.012500000186264515	6.6550617	0.177913	2560000
17	0.0	6.8695974	0.18647407	2720000
18	0.0062500000931322575	7.063199	0.19394745	2880000
19	0.012500000186264515	7.275698	0.20703658	3040000
20	0.01875000074505806	7.41731	0.22035578	3200000
21	0.02500000037252903	7.5117755	0.2304829	3360000
22	0.012500000186264515	7.6963143	0.24172376	3520000
23	0.012500000186264515	7.7734933	0.25801036	3680000
24	0.012500000186264515	7.8515415	0.27813435	3840000
25	0.0062500000931322575	7.9427066	0.28259858	4000000
26	0.02500000037252903	7.996666	0.28803015	4160000
27	0.05000000074505806	8.062995	0.3001268	4320000
28	0.0062500000931322575	8.153536	0.31163025	4480000
29	0.03125	8.209347	0.3273507	4640000
30	0.05000000074505806	8.293621	0.33506125	4800000
31	0.02500000037252903	8.291847	0.34103155	4960000
32	0.03750000149011612	8.351305	0.35517865	5120000
33	0.04375000298023224	8.343025	0.35836518	5280000
34	0.03750000149011612	8.331798	0.3608821	5440000
35	0.03750000149011612	8.422311	0.36362436	5600000
36	0.10625000298023224	8.403816	0.37401453	5760000
37	0.02500000037252903	8.477462	0.38892028	5920000
38	0.05625000223517418	8.461683	0.40803307	6080000
39	0.05624999850988388	8.487176	0.4047279	6240000
40	0.04375000298023224	8.461463	0.40796784	6400000
41	0.07500000298023224	8.484852	0.4298893	6560000
42	0.03125	8.478955	0.4247631	6720000
43	0.0625	8.509447	0.4359171	6880000
44	0.05000000074505806	8.505263	0.45624796	7040000
45	0.08124999701976776	8.503278	0.45714718	7200000
46	0.08124999701976776	8.528348	0.45838934	7360000
47	0.06875000149011612	8.553348	0.47409457	7520000
48	0.07500000298023224	8.513053	0.4730494	7680000
49	0.15000000596046448	8.524998	0.48656568	7840000
50	0.13125000894069672	8.504996	0.48446363	8000000
51	0.11875000596046448	8.506156	0.4903825	8160000
52	0.10000000149011612	8.504814	0.48699135	8320000
53	0.10625000298023224	8.512962	0.5013323	8480000
54	0.11249999701976776	8.504145	0.5102611	8640000
55	0.10625000298023224	8.478046	0.504217	8800000
56	0.15000000596046448	8.492894	0.5237329	8960000
57	0.13750000298023224	8.496035	0.52791166	9120000
58	0.08750000596046448	8.509757	0.5353496	9280000
59	0.125	8.531321	0.53826576	9440000
60	0.13750000298023224	8.544281	0.53981924	9600000
61	0.11875000596046448	8.532875	0.5485422	9760000
62	0.07500000298023224	8.498861	0.55632603	9920000
63	0.13750000298023224	8.489374	0.5528873	10080000
64	0.14374999701976776	8.521723	0.5452888	10240000
65	0.08750000596046448	8.538166	0.5703922	10400000
66	0.15000000596046448	8.525064	0.5674331	10560000
67	0.18125000596046448	8.534781	0.5654508	10720000
68	0.11250000447034836	8.55806	0.5665856	10880000
69	0.13750000298023224	8.54057	0.58789235	11040000
70	0.15625	8.546383	0.58509463	11200000
71	0.17500001192092896	8.57384	0.5873042	11360000
72	0.13750000298023224	8.609834	0.59503746	11520000
73	0.18125000596046448	8.575539	0.6016647	11680000
74	0.10000000149011612	8.56325	0.59959716	11840000
75	0.16250000894069672	8.591469	0.6025028	12000000
76	0.1875	8.621984	0.62187356	12160000
77	0.15625	8.586081	0.5956593	12320000
78	0.15625	8.571355	0.6140211	12480000
79	0.09375	8.562705	0.6059298	12640000
80	0.18125000596046448	8.6047535	0.5944053	12800000
81	0.13124999403953552	8.615362	0.59931785	12960000
82	0.15000000596046448	8.626391	0.6005026	13120000
83	0.14374999701976776	8.655753	0.607212	13280000
84	0.21250000596046448	8.647504	0.61800575	13440000
85	0.125	8.685833	0.63431835	13600000
86	0.16874998807907104	8.715915	0.6130425	13760000
87	0.23125001788139343	8.758854	0.61040074	13920000
88	0.14375001192092896	8.763584	0.6229797	14080000
89	0.17499999701976776	8.74752	0.64926445	14240000
90	0.15625	8.7286	0.6372562	14400000
91	0.15000000596046448	8.742459	0.6224809	14560000
92	0.10000000894069672	8.7261715	0.6372053	14720000
93	0.16249999403953552	8.734547	0.6211422	14880000
94	0.17500001192092896	8.724305	0.6334601	15040000
95	0.16250000894069672	8.74497	0.64054066	15200000
96	0.13124999403953552	8.758845	0.6308872	15360000
97	0.08125000447034836	8.788148	0.64264935	15520000
98	0.17500001192092896	8.782341	0.6349957	15680000
99	0.14375001192092896	8.777131	0.643834	15840000
100	0.13750000298023224	8.802218	0.6454912	16000000
101	0.13124999403953552	8.800207	0.6594874	16160000
102	0.16874998807907104	8.815899	0.65619224	16320000
103	0.20000000298023224	8.783916	0.6528686	16480000
104	0.16249999403953552	8.7756195	0.6701971	16640000
105	0.20000000298023224	8.789543	0.64430416	16800000
106	0.17500001192092896	8.805863	0.6660232	16960000
107	0.13124999403953552	8.82953	0.64476925	17120000
108	0.10000000149011612	8.782814	0.6701154	17280000
109	0.19374999403953552	8.791147	0.6587818	17440000
110	0.19374999403953552	8.782717	0.6490148	17600000
111	0.18125000596046448	8.749564	0.66979504	17760000
112	0.14375001192092896	8.831686	0.6685264	17920000
113	0.22500000894069672	8.793714	0.6608475	18080000
114	0.17499999701976776	8.815668	0.6717734	18240000
115	0.14375001192092896	8.859677	0.6718743	18400000
116	0.20624999701976776	8.8368635	0.67617553	18560000
117	0.14375001192092896	8.82157	0.6386043	18720000
118	0.16875000298023224	8.840746	0.6832119	18880000
119	0.22500000894069672	8.748344	0.6691008	19040000
120	0.20000000298023224	8.655191	0.6666232	19200000
121	0.19374999403953552	8.598879	0.6349048	19360000
122	0.20625001192092896	8.543994	0.5859403	19520000
123	0.19374999403953552	8.607241	0.576348	19680000
124	0.24375000596046448	8.63091	0.5743568	19840000
125	0.26249998807907104	8.621289	0.5706565	20000000
126	0.17500001192092896	8.6194725	0.5684742	20160000
127	0.30000001192092896	8.656058	0.5690302	20320000
128	0.22500000894069672	8.69175	0.5725272	20480000
129	0.1875	8.741765	0.5806798	20640000
130	0.24375000596046448	8.731906	0.57324135	20800000
131	0.23750001192092896	8.7563305	0.5835813	20960000
132	0.2562499940395355	8.790777	0.585827	21120000
133	0.18125000596046448	8.815763	0.5911284	21280000
134	0.19374999403953552	8.84917	0.6050471	21440000
135	0.18125000596046448	8.820994	0.6108648	21600000
136	0.22500000894069672	8.828973	0.60484046	21760000
137	0.26875001192092896	8.873345	0.62661934	21920000
138	0.25	8.881931	0.618634	22080000
139	0.24375000596046448	8.882563	0.6270012	22240000
140	0.15000000596046448	8.934191	0.6245055	22400000
141	0.25	8.919681	0.6209983	22560000
142	0.24375000596046448	8.937782	0.6363267	22720000
143	0.23750001192092896	8.905588	0.62943476	22880000
144	0.21250000596046448	8.897095	0.6364231	23040000
145	0.26875001192092896	8.849865	0.6273374	23200000
146	0.23749999701976776	8.854563	0.6145286	23360000
147	0.20624999701976776	8.855517	0.6136006	23520000
148	0.23749999701976776	8.877292	0.6138447	23680000
149	0.26250001788139343	8.86215	0.61742467	23840000
150	0.20000001788139343	8.893293	0.6153138	24000000
151	0.25	8.900381	0.6274025	24160000
152	0.16875000298023224	8.886906	0.6152429	24320000
153	0.16249999403953552	8.92224	0.6339701	24480000
154	0.20000000298023224	8.941949	0.63789004	24640000
155	0.2562499940395355	8.968335	0.6499701	24800000
156	0.20000001788139343	8.956463	0.634369	24960000
157	0.30000001192092896	8.946604	0.6574391	25120000
158	0.23125000298023224	8.9937105	0.65348566	25280000
159	0.23125000298023224	8.998267	0.65203834	25440000
160	0.26249998807907104	9.042269	0.6586807	25600000
161	0.24374999105930328	9.021949	0.6498913	25760000
162	0.23125000298023224	9.030705	0.68259364	25920000
163	0.2875000238418579	9.023314	0.6757843	26080000
164	0.18125000596046448	9.0769005	0.67336375	26240000
165	0.26250001788139343	9.067936	0.6723175	26400000
166	0.33125001192092896	9.086582	0.6695682	26560000
167	0.26249998807907104	9.122387	0.70823526	26720000
168	0.1875	9.092123	0.683819	26880000
169	0.3187499940395355	9.07026	0.68195087	27040000
170	0.24375000596046448	9.05627	0.6866042	27200000
171	0.15000000596046448	9.089255	0.68554455	27360000
172	0.26875001192092896	9.065521	0.6848998	27520000
173	0.30625003576278687	9.04487	0.68231064	27680000
174	0.26875001192092896	9.0310335	0.6748098	27840000
175	0.3125	9.0497675	0.68273914	28000000
176	0.3125	9.085527	0.67813176	28160000
177	0.26875001192092896	9.069501	0.67780125	28320000
178	0.3125	9.024205	0.66697145	28480000
179	0.3062500059604645	9.046273	0.66307575	28640000
180	0.3499999940395355	9.090313	0.6836691	28800000
181	0.25	9.12743	0.68002796	28960000
182	0.32500001788139343	9.117311	0.70246863	29120000
183	0.24375000596046448	9.112867	0.6766804	29280000
184	0.2562500238418579	9.139557	0.6777478	29440000
185	0.34375	9.1572695	0.700831	29600000
186	0.3375000059604645	9.188229	0.6755533	29760000
187	0.3062500059604645	9.195892	0.67127687	29920000
188	0.25	9.187998	0.7012018	30080000
189	0.26249998807907104	9.198592	0.6874632	30240000
190	0.24375000596046448	9.230635	0.6985122	30400000
191	0.34375	9.222706	0.69214	30560000
192	0.30000001192092896	9.188639	0.71061605	30720000
193	0.2874999940395355	9.20366	0.70164	30880000
194	0.3062500059604645	9.205925	0.70977783	31040000
195	0.33125001192092896	9.16322	0.70114917	31200000
196	0.32499998807907104	9.170727	0.7034664	31360000
197	0.22500000894069672	9.186373	0.7081722	31520000
198	0.33125001192092896	9.243753	0.7072515	31680000
199	0.23749999701976776	9.262668	0.70675266	31840000
200	0.21875	9.292344	0.6949873	32000000
201	0.2750000059604645	9.282758	0.72808474	32160000
202	0.2875000238418579	9.245747	0.72261316	32320000
203	0.26249998807907104	9.25258	0.70975035	32480000
204	0.2750000059604645	9.173914	0.7127057	32640000
205	0.26250001788139343	9.191464	0.7086875	32800000
206	0.29374998807907104	9.131746	0.7153794	32960000
207	0.23125000298023224	9.175986	0.7245359	33120000
208	0.26875001192092896	9.165586	0.71879685	33280000
209	0.2562499940395355	9.175417	0.69928896	33440000
210	0.2562499940395355	9.208609	0.69552076	33600000
211	0.375	9.200345	0.71979225	33760000
212	0.2250000238418579	9.210669	0.72696453	33920000
213	0.3375000059604645	9.194943	0.7239448	34080000
214	0.29374998807907104	9.192912	0.7207582	34240000
215	0.3125	9.205662	0.7209159	34400000
216	0.21250000596046448	9.235391	0.72238666	34560000
217	0.3375000059604645	9.285557	0.725636	34720000
218	0.2874999940395355	9.240527	0.73991895	34880000
219	0.29374998807907104	9.22438	0.7371373	35040000
220	0.29375001788139343	9.210274	0.72887695	35200000
221	0.3062500059604645	9.192862	0.7338054	35360000
222	0.3375000059604645	9.216096	0.71689683	35520000
223	0.4000000059604645	9.194842	0.736528	35680000
224	0.29375001788139343	9.164314	0.72283864	35840000
225	0.40625	9.226603	0.7229217	36000000
226	0.29375001788139343	9.220078	0.72327626	36160000
227	0.3187499940395355	9.193561	0.7128143	36320000
228	0.33125001192092896	9.214859	0.7160321	36480000
229	0.3062500059604645	9.193857	0.70663786	36640000
230	0.3062500059604645	9.206607	0.71855676	36800000
231	0.2875000238418579	9.216767	0.70366	36960000
232	0.23125000298023224	9.228102	0.70842737	37120000
233	0.3125	9.210527	0.71083975	37280000
234	0.26249998807907104	9.206757	0.70900685	37440000
235	0.39375001192092896	9.202586	0.716643	37600000
236	0.2874999940395355	9.16547	0.7083951	37760000
237	0.36250001192092896	9.173039	0.70769495	37920000
238	0.3499999940395355	9.17258	0.6908892	38080000
239	0.2874999940395355	9.168359	0.69885063	38240000
240	0.375	9.160948	0.6966439	38400000
241	0.3500000238418579	9.199892	0.69387513	38560000
242	0.29374998807907104	9.2032795	0.69793355	38720000
243	0.3812500238418579	9.229088	0.68121386	38880000
244	0.26249998807907104	9.22957	0.7026047	39040000
245	0.2874999940395355	9.211559	0.70305324	39200000
246	0.28125	9.226221	0.69353706	39360000
247	0.36250001192092896	9.275115	0.7174719	39520000
248	0.32500001788139343	9.252004	0.7036564	39680000
249	0.2562500238418579	9.243844	0.709813	39840000
250	0.28125	9.257387	0.6976975	40000000
251	0.3375000059604645	9.249963	0.7151891	40160000
252	0.33125001192092896	9.266518	0.71095395	40320000
253	0.3187500238418579	9.25041	0.72333395	40480000
254	0.35624998807907104	9.287798	0.7074264	40640000
255	0.29374998807907104	9.266009	0.7117849	40800000
256	0.24375000596046448	9.248779	0.7112182	40960000
257	0.30000001192092896	9.229832	0.71463925	41120000
258	0.3687500059604645	9.301158	0.7315469	41280000
259	0.3187499940395355	9.281153	0.7044222	41440000
260	0.2562500238418579	9.28533	0.71056676	41600000
261	0.38749998807907104	9.27525	0.730605	41760000
262	0.3500000238418579	9.328249	0.71444815	41920000
263	0.2562500238418579	9.316599	0.7153612	42080000
264	0.33125001192092896	9.322143	0.72011197	42240000
265	0.32499998807907104	9.327649	0.7182671	42400000
266	0.26875001192092896	9.322417	0.7111848	42560000
267	0.3125	9.367064	0.7152865	42720000
268	0.26875001192092896	9.3210335	0.7159713	42880000
269	0.3375000059604645	9.357253	0.7132113	43040000
270	0.32499998807907104	9.356801	0.71533704	43200000
271	0.32500001788139343	9.32202	0.7163742	43360000
272	0.35625001788139343	9.319592	0.70829254	43520000
273	0.34375	9.349064	0.71550745	43680000
274	0.32500001788139343	9.300486	0.7000447	43840000
275	0.2562499940395355	9.303023	0.7080782	44000000
276	0.30000001192092896	9.286656	0.7254451	44160000
277	0.2749999761581421	9.289375	0.70741564	44320000
278	0.3500000238418579	9.305821	0.70147234	44480000
279	0.30000001192092896	9.316537	0.7165832	44640000
280	0.30000001192092896	9.290411	0.70908654	44800000
281	0.34375	9.323283	0.7118835	44960000
282	0.2875000238418579	9.35268	0.71316093	45120000
283	0.2875000238418579	9.342353	0.7110603	45280000
284	0.33125001192092896	9.372279	0.735952	45440000
285	0.375	9.342551	0.73325247	45600000
286	0.3187500238418579	9.337167	0.71930224	45760000
287	0.28125	9.371258	0.7218733	45920000
288	0.2562499940395355	9.388095	0.7067298	46080000
289	0.3999999761581421	9.373388	0.73773706	46240000
290	0.21250000596046448	9.372529	0.719965	46400000
291	0.3500000238418579	9.339242	0.7133686	46560000
292	0.26250001788139343	9.330093	0.7201922	46720000
293	0.3125	9.364839	0.7292407	46880000
294	0.4000000059604645	9.356283	0.72406626	47040000
295	0.3125	9.378444	0.723113	47200000
296	0.35624998807907104	9.355441	0.7278262	47360000
297	0.32499998807907104	9.387342	0.73625475	47520000
298	0.34375	9.366654	0.7290919	47680000
299	0.375	9.323956	0.71701	47840000
300	0.3187500238418579	9.291207	0.704771	48000000
