Epoch	SuccessRate	AverageLossPi	AverageLossQ	AverageMMDEntropy	TotalEnvInteracts
1	0.02500000037252903	0.49083844	0.0070108976	0.0	40000
2	0.0	0.9656801	0.007485714	0.0	80000
3	0.0	1.4487252	0.011765839	0.0	120000
4	0.012500000186264515	1.8722398	0.015021899	0.0	160000
5	0.0	2.2914083	0.020046055	0.0	200000
6	0.0	2.706641	0.02898913	0.0	240000
7	0.0	3.1199954	0.04568041	0.0	280000
8	0.0	3.519707	0.060472146	0.0	320000
9	0.02500000037252903	3.9097993	0.07921779	0.0	360000
10	0.012500000186264515	4.3497033	0.108589746	0.0	400000
11	0.05000000074505806	4.77646	0.13411444	0.0	440000
12	0.03750000149011612	5.203177	0.17685856	0.0	480000
13	0.05000000074505806	5.543527	0.22532539	0.0	520000
14	0.17499999701976776	5.8982687	0.28399792	0.0	560000
15	0.21250000596046448	6.239946	0.3431507	0.0	600000
16	0.1875	6.4802785	0.38407195	0.0	640000
17	0.3125	6.693927	0.45868778	0.0	680000
18	0.32499998807907104	6.933358	0.4852911	0.0	720000
19	0.3375000059604645	7.1594687	0.53376186	0.0	760000
20	0.21250000596046448	7.367342	0.55866486	0.0	800000
21	0.44999998807907104	7.537956	0.6194572	0.0	840000
22	0.4624999761581421	7.7225227	0.6527485	0.0	880000
23	0.36250001192092896	7.9052796	0.6836477	0.0	920000
24	0.4125000238418579	8.082409	0.7416233	0.0	960000
25	0.4749999940395355	8.2507305	0.8225162	0.0	1000000
26	0.32499998807907104	8.435998	0.85533863	0.0	1040000
27	0.48750001192092896	8.522346	0.9613368	0.0	1080000
28	0.5874999761581421	8.702674	1.0716747	0.0	1120000
29	0.4625000059604645	8.857979	1.1308275	0.0	1160000
30	0.46250003576278687	9.007343	1.2274652	0.0	1200000
31	0.4375	9.148094	1.2813802	0.0	1240000
32	0.625	9.31518	1.3945209	0.0	1280000
33	0.637499988079071	9.498777	1.5036227	0.0	1320000
34	0.5874999761581421	9.650918	1.6070813	0.0	1360000
35	0.7250000238418579	9.8122015	1.6948873	0.0	1400000
36	0.6499999761581421	10.011759	1.8303993	0.0	1440000
37	0.5375000238418579	10.251202	1.9453384	0.0	1480000
38	0.612500011920929	10.5475645	2.058559	0.0	1520000
39	0.6625000238418579	10.826205	2.253372	0.0	1560000
40	0.6124999523162842	11.121367	2.3819869	0.0	1600000
41	0.6500000357627869	11.446887	2.4737723	0.0	1640000
42	0.800000011920929	11.851566	2.553033	0.0	1680000
43	0.5625	12.255963	2.754033	0.0	1720000
44	0.6625000238418579	12.634425	2.8720634	0.0	1760000
45	0.6875	12.965703	3.0052326	0.0	1800000
46	0.737500011920929	13.333635	3.2097886	0.0	1840000
47	0.7000000476837158	13.654803	3.4199097	0.0	1880000
48	0.637499988079071	14.129092	3.5612638	0.0	1920000
49	0.737500011920929	14.467617	3.7267704	0.0	1960000
50	0.699999988079071	14.797531	3.9220967	0.0	2000000
51	0.7749999761581421	15.113388	4.049397	0.0	2040000
52	0.75	15.441092	4.2383885	0.0	2080000
53	0.699999988079071	15.810639	4.3529835	0.0	2120000
54	0.7749999761581421	16.17773	4.5856667	0.0	2160000
55	0.7875000238418579	16.502687	4.6641216	0.0	2200000
56	0.824999988079071	16.681856	4.8378634	0.0	2240000
57	0.6875	16.954218	4.8803205	0.0	2280000
58	0.637499988079071	17.184875	4.941382	0.0	2320000
59	0.824999988079071	17.426813	5.0774875	0.0	2360000
60	0.8125	17.68011	5.0427713	0.0	2400000
61	0.7124999761581421	17.89683	5.1173635	0.0	2440000
62	0.762499988079071	18.1062	5.0944543	0.0	2480000
63	0.800000011920929	18.242083	5.136925	0.0	2520000
64	0.824999988079071	18.48372	5.191849	0.0	2560000
65	0.8374999761581421	18.62346	5.159959	0.0	2600000
66	0.875	18.867487	5.2192683	0.0	2640000
67	0.7250000238418579	19.12601	5.1921315	0.0	2680000
68	0.824999988079071	19.276838	5.1879153	0.0	2720000
69	0.7875000238418579	19.527582	5.1632905	0.0	2760000
70	0.699999988079071	19.703754	5.2588787	0.0	2800000
71	0.8374999761581421	19.866436	5.2232904	0.0	2840000
72	0.7749999761581421	19.988747	5.165053	0.0	2880000
73	0.8250000476837158	20.0718	5.1330695	0.0	2920000
74	0.800000011920929	20.266256	5.1078916	0.0	2960000
75	0.8125	20.317005	5.1796074	0.0	3000000
76	0.6749999523162842	20.381704	5.15423	0.0	3040000
77	0.7250000238418579	20.505793	5.098374	0.0	3080000
78	0.75	20.606009	5.0109477	0.0	3120000
79	0.8500000238418579	20.695936	5.006924	0.0	3160000
80	0.8125	20.86282	5.0259337	0.0	3200000
81	0.887499988079071	20.976742	4.929759	0.0	3240000
82	0.824999988079071	21.004026	4.8661666	0.0	3280000
83	0.7999999523162842	21.130743	4.787282	0.0	3320000
84	0.8374999761581421	21.154032	4.652941	0.0	3360000
85	0.824999988079071	21.19324	4.5374722	0.0	3400000
86	0.8500000238418579	21.253897	4.4804893	0.0	3440000
87	0.7124999761581421	21.24186	4.4573097	0.0	3480000
88	0.8624999523162842	21.22654	4.4227853	0.0	3520000
89	0.8500000238418579	21.215649	4.3314962	0.0	3560000
90	0.9249999523162842	21.237974	4.1653433	0.0	3600000
91	0.8125	21.219831	4.160099	0.0	3640000
92	0.75	21.173094	4.0954914	0.0	3680000
93	0.8624999523162842	21.159622	4.060945	0.0	3720000
94	0.7875000238418579	21.16335	4.0526924	0.0	3760000
95	0.7999999523162842	21.252691	4.007159	0.0	3800000
96	0.6875	21.197176	4.0750947	0.0	3840000
97	0.8500000238418579	21.17697	3.964508	0.0	3880000
98	0.8500000238418579	21.165813	3.8755496	0.0	3920000
99	0.8374999761581421	21.137968	3.990146	0.0	3960000
100	0.949999988079071	21.190042	3.9948926	0.0	4000000
101	0.8250000476837158	21.181726	3.9684658	0.0	4040000
102	0.887499988079071	21.286352	3.9954154	0.0	4080000
103	0.7124999761581421	21.319862	4.0375123	0.0	4120000
104	0.862500011920929	21.370016	4.0708165	0.0	4160000
105	0.875	21.342031	3.990821	0.0	4200000
106	0.7749999761581421	21.344995	4.05919	0.0	4240000
107	0.8125	21.342031	3.9564779	0.0	4280000
108	0.887499988079071	21.39481	4.0707006	0.0	4320000
109	0.875	21.443848	3.991954	0.0	4360000
110	0.9375	21.428246	4.0541763	0.0	4400000
111	0.887499988079071	21.497879	4.141122	0.0	4440000
112	0.7749999761581421	21.585098	4.13935	0.0	4480000
113	0.8374999761581421	21.599493	4.0957766	0.0	4520000
114	0.8624999523162842	21.636879	4.1136765	0.0	4560000
115	0.875	21.656322	4.06927	0.0	4600000
116	0.7625000476837158	21.624035	4.0271792	0.0	4640000
117	0.925000011920929	21.631264	4.035831	0.0	4680000
118	0.887499988079071	21.6662	3.9806104	0.0	4720000
119	0.8125	21.695127	3.9703772	0.0	4760000
120	0.9249999523162842	21.752735	3.9384687	0.0	4800000
121	0.8624999523162842	21.702547	3.9137676	0.0	4840000
122	0.887499988079071	21.686695	3.9351158	0.0	4880000
123	0.887499988079071	21.731562	3.8400106	0.0	4920000
124	0.7875000238418579	21.742735	3.8493004	0.0	4960000
125	0.8374999761581421	21.696632	3.788583	0.0	5000000
126	0.8999999761581421	21.709536	3.7790987	0.0	5040000
127	0.887499988079071	21.667982	3.8301332	0.0	5080000
128	0.8000000715255737	21.633196	3.7889233	0.0	5120000
129	0.875	21.62134	3.7313848	0.0	5160000
130	0.8374999761581421	21.57246	3.6850338	0.0	5200000
131	0.8500000238418579	21.53061	3.6375284	0.0	5240000
132	0.875	21.447855	3.6763735	0.0	5280000
133	0.8999999761581421	21.395962	3.6430323	0.0	5320000
134	0.875	21.332628	3.6207361	0.0	5360000
135	0.8375000357627869	21.33578	3.6887696	0.0	5400000
136	0.9375	21.328606	3.6389897	0.0	5440000
137	0.887499988079071	21.33586	3.6317208	0.0	5480000
138	0.887499988079071	21.240122	3.6510298	0.0	5520000
139	0.8999999761581421	21.284422	3.5903924	0.0	5560000
140	0.8125	21.201519	3.6169076	0.0	5600000
141	0.8624999523162842	21.148586	3.6650152	0.0	5640000
142	0.8999999761581421	21.054821	3.647899	0.0	5680000
143	0.7625000476837158	20.948956	3.613508	0.0	5720000
144	0.8500000238418579	20.867842	3.5768619	0.0	5760000
145	0.8500000238418579	20.828411	3.5607471	0.0	5800000
146	0.9124999642372131	20.782145	3.6285453	0.0	5840000
147	0.8125	20.73773	3.6148238	0.0	5880000
148	0.824999988079071	20.666742	3.587118	0.0	5920000
149	0.9500000476837158	20.68321	3.5885968	0.0	5960000
150	0.9124999642372131	20.629793	3.569528	0.0	6000000
151	0.875	20.596539	3.5358799	0.0	6040000
152	0.8999999761581421	20.558632	3.5335186	0.0	6080000
153	0.875	20.475578	3.528121	0.0	6120000
154	0.875	20.490532	3.5094535	0.0	6160000
155	0.8250000476837158	20.512812	3.4834692	0.0	6200000
156	0.887499988079071	20.467453	3.5003135	0.0	6240000
157	0.8624999523162842	20.404482	3.467419	0.0	6280000
158	0.824999988079071	20.329905	3.4768667	0.0	6320000
159	0.8125	20.23921	3.4774835	0.0	6360000
160	0.8374999761581421	20.18161	3.4187744	0.0	6400000
161	0.8999999761581421	20.140413	3.4464536	0.0	6440000
162	0.8999999761581421	20.121254	3.4198332	0.0	6480000
163	0.9124999642372131	20.118242	3.434481	0.0	6520000
164	0.824999988079071	20.113815	3.3882828	0.0	6560000
165	0.9125000238418579	20.126265	3.4085782	0.0	6600000
166	0.949999988079071	20.117777	3.4319518	0.0	6640000
167	0.9249999523162842	20.14988	3.4406123	0.0	6680000
168	0.887499988079071	20.106256	3.4243658	0.0	6720000
169	0.9124999642372131	20.095148	3.4022892	0.0	6760000
170	0.9125000238418579	20.107445	3.4841352	0.0	6800000
171	0.875	20.10838	3.418117	0.0	6840000
172	0.8624999523162842	20.08123	3.4915738	0.0	6880000
173	0.875	20.017645	3.41084	0.0	6920000
174	0.8999999761581421	20.110252	3.5023916	0.0	6960000
175	0.8875000476837158	20.08255	3.423333	0.0	7000000
176	0.8500000238418579	20.073414	3.4860342	0.0	7040000
177	0.9124999642372131	20.103756	3.415186	0.0	7080000
178	0.8374999761581421	20.082102	3.3751042	0.0	7120000
179	0.8499999642372131	20.038351	3.4220583	0.0	7160000
180	0.9624999761581421	20.009863	3.406022	0.0	7200000
181	0.824999988079071	19.947258	3.4588559	0.0	7240000
182	0.8500000238418579	19.950829	3.407458	0.0	7280000
183	0.9249999523162842	19.93653	3.4259028	0.0	7320000
184	0.9375	19.92582	3.5103955	0.0	7360000
185	0.8500000238418579	19.949078	3.3714914	0.0	7400000
186	0.875	19.906603	3.3406882	0.0	7440000
187	0.875	19.87745	3.3958218	0.0	7480000
188	0.9124999642372131	19.885027	3.360729	0.0	7520000
189	0.9249999523162842	19.846704	3.3206687	0.0	7560000
190	0.8999999761581421	19.82161	3.3556857	0.0	7600000
191	0.8624999523162842	19.823957	3.3060336	0.0	7640000
192	0.949999988079071	19.813204	3.3382752	0.0	7680000
193	0.887499988079071	19.738966	3.3433664	0.0	7720000
194	0.887499988079071	19.702932	3.3251832	0.0	7760000
195	0.8999999761581421	19.700407	3.2893648	0.0	7800000
196	0.887499988079071	19.66388	3.2800276	0.0	7840000
197	0.8500000238418579	19.65128	3.2478385	0.0	7880000
198	0.887499988079071	19.63352	3.3119297	0.0	7920000
199	0.8125	19.619297	3.1636565	0.0	7960000
200	0.9249999523162842	19.691195	3.197212	0.0	8000000
201	0.9125000238418579	19.630136	3.215175	0.0	8040000
202	0.9624999761581421	19.632614	3.2060063	0.0	8080000
203	0.887499988079071	19.747137	3.1702297	0.0	8120000
204	0.9124999642372131	19.808434	3.214163	0.0	8160000
205	0.9624999761581421	19.748207	3.1463754	0.0	8200000
206	0.8624999523162842	19.807592	3.198367	0.0	8240000
207	0.887499988079071	19.781116	3.1709478	0.0	8280000
208	0.9125000238418579	19.776903	3.1676779	0.0	8320000
209	0.875	19.67255	3.2367911	0.0	8360000
210	0.862500011920929	19.709557	3.183802	0.0	8400000
211	0.8125	19.691572	3.1316814	0.0	8440000
212	0.925000011920929	19.599766	3.1976287	0.0	8480000
213	0.9375	19.646797	3.1469424	0.0	8520000
214	0.8999999761581421	19.631765	3.1805668	0.0	8560000
215	0.9375	19.68819	3.185955	0.0	8600000
216	0.9125000238418579	19.70011	3.1469579	0.0	8640000
217	0.9750000238418579	19.694347	3.235234	0.0	8680000
218	0.9624999761581421	19.852509	3.2209287	0.0	8720000
219	0.8999999761581421	19.90104	3.2008111	0.0	8760000
220	0.9249999523162842	19.990175	3.1994944	0.0	8800000
221	0.9375	19.967302	3.1474495	0.0	8840000
222	0.887499988079071	19.980959	3.1716595	0.0	8880000
223	0.9124999642372131	20.05735	3.1419418	0.0	8920000
224	0.9125000238418579	20.023079	3.1473625	0.0	8960000
225	0.9125000238418579	20.051928	3.1213255	0.0	9000000
226	0.887499988079071	20.145529	3.1708803	0.0	9040000
227	0.8874999284744263	20.13644	3.1249976	0.0	9080000
228	0.9125000238418579	20.186245	3.0783725	0.0	9120000
229	0.9375	20.199793	3.0896983	0.0	9160000
230	0.8999999761581421	20.222443	3.1145093	0.0	9200000
231	0.925000011920929	20.191257	3.119456	0.0	9240000
232	0.887499988079071	20.199272	3.0666788	0.0	9280000
233	0.887499988079071	20.175959	3.0325537	0.0	9320000
234	0.9750000238418579	20.162992	3.0619369	0.0	9360000
235	0.9624999761581421	20.194426	3.0337703	0.0	9400000
236	0.887499988079071	20.195644	3.0655136	0.0	9440000
237	0.925000011920929	20.21386	3.07276	0.0	9480000
238	0.887499988079071	20.240515	3.0385172	0.0	9520000
239	0.8125	20.240887	3.019855	0.0	9560000
240	0.887499988079071	20.180878	2.9754443	0.0	9600000
241	0.9375	20.106058	3.016231	0.0	9640000
242	0.8500000238418579	20.104813	2.988022	0.0	9680000
243	0.8999999761581421	20.04923	2.944722	0.0	9720000
244	0.8624999523162842	20.017504	3.000592	0.0	9760000
245	0.8999999761581421	20.04025	2.9506776	0.0	9800000
246	0.9249999523162842	20.004978	2.918105	0.0	9840000
247	0.8999999761581421	19.994734	2.9166973	0.0	9880000
248	0.9125000238418579	20.07459	2.9030762	0.0	9920000
249	0.887499988079071	20.109982	2.8904557	0.0	9960000
250	0.9750000238418579	20.108866	2.8943505	0.0	10000000
251	0.8374999761581421	20.072214	2.9445167	0.0	10040000
252	0.8875000476837158	20.06905	2.9675596	0.0	10080000
253	0.8125	20.068047	2.950084	0.0	10120000
254	0.8500000238418579	20.115685	2.9640121	0.0	10160000
255	0.949999988079071	20.10118	3.0101323	0.0	10200000
256	0.9375	20.115685	3.0332046	0.0	10240000
257	0.9750000238418579	20.155167	3.035672	0.0	10280000
258	0.9249999523162842	20.133722	3.050774	0.0	10320000
259	0.949999988079071	20.231249	3.0275655	0.0	10360000
260	0.8999999761581421	20.200985	3.03931	0.0	10400000
261	0.887499988079071	20.232494	2.995704	0.0	10440000
262	0.987500011920929	20.283882	3.0071447	0.0	10480000
263	0.925000011920929	20.42232	3.015912	0.0	10520000
264	0.9375	20.458563	3.0065885	0.0	10560000
265	0.925000011920929	20.479847	3.0465624	0.0	10600000
266	0.9750000238418579	20.499414	2.9444063	0.0	10640000
267	0.8874999284744263	20.527042	2.9701724	0.0	10680000
268	0.8374999761581421	20.568424	2.9406917	0.0	10720000
269	0.949999988079071	20.637543	3.0127926	0.0	10760000
270	0.8374999761581421	20.614515	2.9498389	0.0	10800000
271	0.9125000238418579	20.60403	2.9234107	0.0	10840000
272	0.949999988079071	20.617638	2.915554	0.0	10880000
273	0.862500011920929	20.57334	2.9099262	0.0	10920000
274	0.9375	20.58381	2.931363	0.0	10960000
275	0.8999999761581421	20.537918	2.9008002	0.0	11000000
276	0.887499988079071	20.54162	2.9438016	0.0	11040000
277	0.9125000238418579	20.566706	2.9515207	0.0	11080000
278	0.9249999523162842	20.611658	2.9452567	0.0	11120000
279	0.875	20.642996	2.957451	0.0	11160000
280	0.8125	20.68094	2.9957793	0.0	11200000
281	0.925000011920929	20.744179	2.9086492	0.0	11240000
282	0.949999988079071	20.739119	2.9204493	0.0	11280000
283	0.8499999642372131	20.79508	2.9168212	0.0	11320000
284	0.9624999761581421	20.789383	2.9487667	0.0	11360000
285	0.9124999642372131	20.77483	2.972874	0.0	11400000
286	0.8999999761581421	20.81575	2.9371367	0.0	11440000
287	0.8999999761581421	20.80791	2.9233623	0.0	11480000
288	0.925000011920929	20.80573	2.8814576	0.0	11520000
289	0.9125000238418579	20.83468	2.937947	0.0	11560000
290	0.9375	20.80375	2.9422965	0.0	11600000
291	0.949999988079071	20.908913	2.8726661	0.0	11640000
292	0.8999999761581421	20.876738	2.9367633	0.0	11680000
293	0.9375	20.853992	2.938899	0.0	11720000
294	0.8999999761581421	20.875225	2.9133193	0.0	11760000
295	0.949999988079071	20.910833	2.8686202	0.0	11800000
296	0.9125000238418579	20.90495	2.870788	0.0	11840000
297	0.9375	20.836603	2.8245738	0.0	11880000
298	0.9624999761581421	20.805098	2.8526616	0.0	11920000
299	0.9125000238418579	20.82121	2.8619487	0.0	11960000
300	0.9125000238418579	20.826359	2.797212	0.0	12000000
