Epoch	SuccessRate	AverageLossPi	AverageLossQ	AverageEntropy	Averagealpha	TotalEnvInteracts
1	0.0	1.0055346	0.05773467	7.6694403	0.0045191566	160000
2	0.0062500000931322575	1.8572295	0.04616077	-3.9210372	0.0009784328	320000
3	0.0062500000931322575	2.4292831	0.053656228	-9.687211	0.0006360753	480000
4	0.0062500000931322575	2.9459975	0.06850746	-9.608939	0.0005046176	640000
5	0.0062500000931322575	3.4342642	0.08786423	-9.71803	0.00034062882	800000
6	0.0062500000931322575	3.9036887	0.10248985	-9.605027	0.00021007675	960000
7	0.10625000298023224	4.2717524	0.12596802	-9.523356	0.0001207662	1120000
8	0.10625000298023224	4.554817	0.15570034	-9.669875	6.7640925e-05	1280000
9	0.13124999403953552	4.8203096	0.18447179	-9.797112	4.3433694e-05	1440000
10	0.125	5.0850296	0.20621723	-9.845738	3.5382203e-05	1600000
11	0.10000000894069672	5.402894	0.22831678	-10.001945	3.1376578e-05	1760000
12	0.18125000596046448	5.59409	0.24784546	-9.963596	3.1680705e-05	1920000
13	0.11874999850988388	5.8354816	0.26719695	-9.860031	2.7573373e-05	2080000
14	0.1875	6.067378	0.28191563	-9.843349	2.1720398e-05	2240000
15	0.15625	6.2889147	0.30577952	-9.812509	1.6954024e-05	2400000
16	0.15625	6.5043917	0.32901797	-9.872907	1.2663737e-05	2560000
17	0.16249999403953552	6.7135096	0.35141382	-9.911938	1.1025004e-05	2720000
18	0.19375000894069672	6.847043	0.37154052	-9.941367	9.839108e-06	2880000
19	0.13124999403953552	7.0566664	0.38036853	-9.82891	8.197189e-06	3040000
20	0.16249999403953552	7.185173	0.4067946	-9.869407	6.568301e-06	3200000
21	0.13750000298023224	7.382612	0.416876	-9.9095745	5.667597e-06	3360000
22	0.24375000596046448	7.5188675	0.42653987	-9.867039	4.6020523e-06	3520000
23	0.21875	7.6594834	0.46908572	-9.933894	3.987198e-06	3680000
24	0.21249999105930328	7.8248115	0.47780794	-9.868645	3.3882413e-06	3840000
25	0.15625	7.955372	0.50480646	-9.912705	2.8904992e-06	4000000
26	0.1875	8.122569	0.52076745	-10.001672	2.7050248e-06	4160000
27	0.19375000894069672	8.210955	0.5539298	-10.063188	2.750081e-06	4320000
28	0.1875	8.302967	0.5781984	-10.067413	3.1207194e-06	4480000
29	0.25	8.379333	0.58154577	-10.043285	3.330705e-06	4640000
30	0.22499999403953552	8.530599	0.60250133	-9.934227	3.3483386e-06	4800000
31	0.20624999701976776	8.614032	0.6050211	-9.9523945	2.972813e-06	4960000
32	0.2562499940395355	8.667677	0.6271262	-9.933189	2.6915357e-06	5120000
33	0.19375000894069672	8.768488	0.6399868	-9.89687	2.4851504e-06	5280000
34	0.2562500238418579	8.802224	0.63937724	-9.971808	2.2246068e-06	5440000
35	0.19374999403953552	8.9206295	0.6315614	-9.977902	2.0567034e-06	5600000
36	0.20625001192092896	8.944672	0.64214563	-10.002072	2.0206048e-06	5760000
37	0.23750001192092896	9.039545	0.6790821	-9.951986	1.9638198e-06	5920000
38	0.1875	9.0935955	0.6814894	-10.086544	2.0658729e-06	6080000
39	0.26250001788139343	9.211962	0.6948482	-10.0704565	2.32757e-06	6240000
40	0.29375001788139343	9.302986	0.70951825	-10.091117	2.6223856e-06	6400000
41	0.29375001788139343	9.34117	0.7203049	-10.068523	2.9921582e-06	6560000
42	0.28125	9.426126	0.7171842	-10.013976	3.1586146e-06	6720000
43	0.28125	9.477565	0.73123264	-10.027604	3.2650485e-06	6880000
44	0.26249998807907104	9.491427	0.7404384	-10.042133	3.4877469e-06	7040000
45	0.26875001192092896	9.54294	0.74899876	-10.0588455	3.7967613e-06	7200000
46	0.2750000059604645	9.610699	0.75059265	-10.060532	4.1639973e-06	7360000
47	0.26249998807907104	9.713658	0.7635057	-10.099565	4.8010684e-06	7520000
48	0.2874999940395355	9.703514	0.81194544	-10.048747	5.480425e-06	7680000
49	0.3187500238418579	9.724428	0.76617	-10.124164	6.3324046e-06	7840000
50	0.30000001192092896	9.743102	0.75979495	-10.0238695	7.1008044e-06	8000000
51	0.2562500238418579	9.7866955	0.7517614	-9.973521	7.431222e-06	8160000
52	0.3125	9.810737	0.76153	-10.010494	7.3628207e-06	8320000
53	0.2874999940395355	9.855565	0.7805101	-10.001754	7.1536815e-06	8480000
54	0.2874999940395355	9.862547	0.7758225	-9.972871	7.0957003e-06	8640000
55	0.29374998807907104	9.909906	0.7769955	-10.001399	6.853091e-06	8800000
56	0.3687500059604645	9.94831	0.76834136	-10.024804	7.016564e-06	8960000
57	0.26875001192092896	9.8985195	0.77869827	-9.953146	6.6025896e-06	9120000
58	0.2750000059604645	9.948638	0.78474635	-10.032961	6.855107e-06	9280000
59	0.2750000059604645	9.997935	0.7856075	-9.980314	6.8875574e-06	9440000
60	0.3187500238418579	10.017388	0.79351634	-10.002284	6.8438603e-06	9600000
61	0.38749998807907104	10.047984	0.774495	-9.996079	6.9684384e-06	9760000
62	0.2750000059604645	10.021931	0.77976096	-9.99058	6.6705074e-06	9920000
63	0.3125	10.052508	0.7985173	-9.961148	6.4062765e-06	10080000
64	0.35625001788139343	10.059945	0.78517574	-9.979485	5.898092e-06	10240000
65	0.26249998807907104	10.054416	0.7918482	-10.022819	6.0071975e-06	10400000
66	0.2875000238418579	10.097753	0.80186427	-9.999838	6.165866e-06	10560000
67	0.32500001788139343	10.105126	0.7973287	-9.989292	6.316416e-06	10720000
68	0.3125	10.115332	0.7924304	-10.017279	6.174943e-06	10880000
69	0.3187499940395355	10.191732	0.8008015	-9.981707	6.1839864e-06	11040000
70	0.36250001192092896	10.199774	0.79584914	-10.006106	6.187363e-06	11200000
71	0.3375000059604645	10.166397	0.7843476	-9.984813	6.0310513e-06	11360000
72	0.3500000238418579	10.22235	0.7751128	-9.981764	5.8361916e-06	11520000
73	0.34375	10.234126	0.7965398	-9.992987	5.7599423e-06	11680000
74	0.3125	10.206893	0.776111	-10.011055	5.7188563e-06	11840000
75	0.32499998807907104	10.20149	0.7895361	-9.989975	5.793791e-06	12000000
76	0.3375000059604645	10.226387	0.7946416	-10.03208	5.7335474e-06	12160000
77	0.35625001788139343	10.266385	0.7986829	-10.013306	6.2022386e-06	12320000
78	0.35624998807907104	10.247173	0.79249895	-10.02365	6.3798516e-06	12480000
79	0.33125001192092896	10.255818	0.80612445	-10.058139	6.998602e-06	12640000
80	0.34375	10.254827	0.80095214	-10.03332	7.2392845e-06	12800000
81	0.36875003576278687	10.237252	0.8104853	-10.019085	7.5818134e-06	12960000
82	0.36250001192092896	10.242605	0.80596995	-10.079237	8.812881e-06	13120000
83	0.39375001192092896	10.186199	0.81045127	-10.044877	9.313451e-06	13280000
84	0.32499998807907104	10.159111	0.80267435	-10.013414	9.695374e-06	13440000
85	0.3812500238418579	10.207599	0.80940455	-10.0716	1.0679147e-05	13600000
86	0.38749998807907104	10.186063	0.788017	-10.034126	1.1834579e-05	13760000
87	0.34375	10.206078	0.80704945	-10.045516	1.26019795e-05	13920000
88	0.33125001192092896	10.176669	0.80003613	-10.043165	1.3943929e-05	14080000
89	0.4000000059604645	10.196346	0.780821	-10.070318	1.530998e-05	14240000
90	0.35624998807907104	10.231254	0.8029769	-9.979322	1.5863388e-05	14400000
91	0.32499998807907104	10.207785	0.7928357	-10.010062	1.585094e-05	14560000
92	0.2562499940395355	10.162911	0.8086697	-9.963565	1.4969937e-05	14720000
93	0.3375000059604645	10.205244	0.81635237	-10.014834	1.4823602e-05	14880000
94	0.34375	10.202344	0.7936572	-9.955879	1.48539975e-05	15040000
95	0.3812499940395355	10.224348	0.7937244	-9.942793	1.3328213e-05	15200000
96	0.42500001192092896	10.211715	0.79651135	-9.96359	1.218099e-05	15360000
97	0.29374998807907104	10.12145	0.79447126	-9.9489155	1.1087118e-05	15520000
98	0.2875000238418579	10.130998	0.8207358	-9.944039	1.033154e-05	15680000
99	0.3374999761581421	10.112096	0.8008912	-9.933933	9.225912e-06	15840000
100	0.3374999761581421	10.134932	0.79177153	-9.914949	7.762221e-06	16000000
101	0.36875003576278687	10.115572	0.80311596	-9.914765	6.912778e-06	16160000
102	0.4000000059604645	10.154478	0.80785793	-9.932094	5.934881e-06	16320000
103	0.3062500059604645	10.146223	0.80703294	-9.951064	5.3745016e-06	16480000
104	0.375	10.176191	0.7897732	-9.982595	4.9067908e-06	16640000
105	0.38749998807907104	10.113508	0.7961764	-9.965242	4.846555e-06	16800000
106	0.3812500238418579	10.114532	0.78701687	-9.965494	4.4424987e-06	16960000
107	0.44999998807907104	10.11175	0.80030966	-9.93806	4.069701e-06	17120000
108	0.36250001192092896	10.107881	0.8142118	-9.955002	3.7944194e-06	17280000
109	0.39375001192092896	10.087262	0.790131	-9.913056	3.4781153e-06	17440000
110	0.36250001192092896	10.066338	0.81772095	-9.9790745	3.0551853e-06	17600000
111	0.3812500238418579	10.035223	0.7964402	-9.968536	2.88274e-06	17760000
112	0.3374999761581421	10.029404	0.79413575	-9.983721	2.7964263e-06	17920000
113	0.4375	10.032496	0.81066656	-10.025933	2.7339047e-06	18080000
114	0.3687500059604645	10.026144	0.78850204	-9.973238	2.7535943e-06	18240000
115	0.45625001192092896	10.071671	0.8105292	-10.0044	2.67672e-06	18400000
116	0.3500000238418579	10.027018	0.7931861	-10.006375	2.7023782e-06	18560000
117	0.3687500059604645	10.0240755	0.801333	-10.046114	2.8859565e-06	18720000
118	0.35624998807907104	10.016799	0.8045271	-10.002207	2.9791142e-06	18880000
119	0.35624998807907104	9.9918375	0.7842356	-10.035946	3.1119162e-06	19040000
120	0.39375001192092896	9.970717	0.7829478	-10.012488	3.2496155e-06	19200000
121	0.39375001192092896	9.915279	0.78075016	-10.000192	3.2195119e-06	19360000
122	0.375	9.88416	0.7811942	-10.0054865	3.2311139e-06	19520000
123	0.4124999940395355	9.909247	0.767663	-10.009161	3.3268266e-06	19680000
124	0.3687500059604645	9.921648	0.7971969	-10.045526	3.4052898e-06	19840000
125	0.40625	9.899815	0.79578835	-10.044844	3.8325657e-06	20000000
126	0.3812500238418579	9.86192	0.77415866	-10.005058	4.0705236e-06	20160000
127	0.39375001192092896	9.869277	0.7662301	-9.995052	3.989083e-06	20320000
128	0.3062500059604645	9.873632	0.7933494	-10.06948	4.2854836e-06	20480000
129	0.4000000059604645	9.881672	0.7857821	-9.992674	4.60987e-06	20640000
130	0.33125001192092896	9.869037	0.7690814	-10.018361	4.4712156e-06	20800000
131	0.3375000059604645	9.844394	0.78644884	-10.041161	4.874264e-06	20960000
132	0.3187499940395355	9.839877	0.7887606	-9.997317	4.95994e-06	21120000
133	0.42500001192092896	9.865786	0.77554595	-9.994702	4.861268e-06	21280000
134	0.34375	9.87033	0.75709325	-9.951962	4.532213e-06	21440000
135	0.33125001192092896	9.865029	0.7601361	-9.929991	4.241753e-06	21600000
136	0.46875	9.810266	0.7708915	-9.964815	3.914028e-06	21760000
137	0.4000000059604645	9.862795	0.7752535	-10.006402	3.6240508e-06	21920000
138	0.42500001192092896	9.845875	0.76261973	-10.0324955	3.9021284e-06	22080000
139	0.3812499940395355	9.812438	0.7807466	-9.990811	3.9529286e-06	22240000
140	0.3687499761581421	9.889361	0.76676047	-9.95937	3.7408884e-06	22400000
141	0.3375000059604645	9.874824	0.7771373	-10.002419	3.5956111e-06	22560000
142	0.38749998807907104	9.88334	0.75759155	-9.990104	3.7157404e-06	22720000
143	0.34375	9.857592	0.75267506	-9.952201	3.4188838e-06	22880000
144	0.3187500238418579	9.851773	0.7677411	-9.99689	3.2570858e-06	23040000
145	0.39375001192092896	9.871234	0.766425	-9.945762	3.1023155e-06	23200000
146	0.36250001192092896	9.825615	0.785393	-10.022318	2.9524267e-06	23360000
147	0.3500000238418579	9.87157	0.76910144	-10.008512	3.0224414e-06	23520000
148	0.3499999940395355	9.851904	0.7582969	-9.9378	2.9723392e-06	23680000
149	0.35625001788139343	9.874565	0.78101283	-10.050979	3.0263877e-06	23840000
150	0.33750003576278687	9.833997	0.7653314	-10.012299	3.0750693e-06	24000000
151	0.4000000059604645	9.871873	0.77585095	-10.051209	3.3168305e-06	24160000
152	0.3500000238418579	9.80867	0.7710163	-10.002449	3.4385193e-06	24320000
153	0.45625001192092896	9.863238	0.7815868	-10.076064	3.745376e-06	24480000
154	0.32499998807907104	9.813354	0.77145326	-10.001271	4.0648397e-06	24640000
155	0.375	9.7972	0.7693132	-10.014086	4.0741825e-06	24800000
156	0.44999998807907104	9.762328	0.78294563	-9.990633	4.126401e-06	24960000
157	0.36250001192092896	9.847652	0.79098	-10.064117	4.2721085e-06	25120000
158	0.4375	9.815059	0.7872863	-9.977424	4.441536e-06	25280000
159	0.38749998807907104	9.794424	0.7826466	-10.061806	4.4529866e-06	25440000
160	0.48125001788139343	9.79363	0.7845409	-9.985469	4.943125e-06	25600000
161	0.4124999940395355	9.804049	0.7771422	-10.022564	4.7254866e-06	25760000
162	0.28125	9.802824	0.78407764	-10.051007	4.896272e-06	25920000
163	0.3812499940395355	9.852199	0.79092973	-10.005801	5.4348925e-06	26080000
164	0.3687500059604645	9.824933	0.7911116	-10.059644	5.7621846e-06	26240000
165	0.39374998211860657	9.796221	0.782791	-10.02295	6.2921486e-06	26400000
166	0.3687500059604645	9.777541	0.78493863	-10.075427	6.961851e-06	26560000
167	0.3687500059604645	9.783334	0.7810525	-10.03997	7.502812e-06	26720000
168	0.4375	9.790414	0.78840566	-10.06966	8.28805e-06	26880000
169	0.3187500238418579	9.8001995	0.7777421	-10.017539	9.122339e-06	27040000
170	0.36250001192092896	9.785518	0.79090285	-10.054707	9.995729e-06	27200000
171	0.3500000238418579	9.795778	0.7745084	-9.994837	1.0176905e-05	27360000
172	0.46875	9.827898	0.7806494	-10.038743	1.0278926e-05	27520000
173	0.36250001192092896	9.826471	0.77392113	-10.063909	1.1420382e-05	27680000
174	0.42500001192092896	9.818227	0.77708143	-10.045768	1.2537788e-05	27840000
175	0.41874998807907104	9.819154	0.7753223	-10.0415535	1.37988045e-05	28000000
176	0.42500001192092896	9.821593	0.77857834	-10.018283	1.4875191e-05	28160000
177	0.3999999761581421	9.819826	0.76669896	-10.015417	1.5156303e-05	28320000
178	0.41874998807907104	9.799769	0.7750312	-10.019358	1.5086093e-05	28480000
179	0.42500001192092896	9.82499	0.7806933	-10.092062	1.6922657e-05	28640000
180	0.38749998807907104	9.817962	0.7831537	-10.062705	1.8885807e-05	28800000
181	0.39375001192092896	9.838535	0.76462376	-9.993769	2.1362226e-05	28960000
182	0.4125000238418579	9.812901	0.75813115	-10.017315	2.1601085e-05	29120000
183	0.375	9.818606	0.76457083	-10.006316	2.203007e-05	29280000
184	0.44999998807907104	9.820205	0.7565339	-9.999862	2.0923557e-05	29440000
185	0.3812499940395355	9.801148	0.7668111	-10.0582695	2.1995882e-05	29600000
186	0.40625	9.804294	0.77007043	-10.034461	2.4714287e-05	29760000
187	0.4312499761581421	9.805227	0.7670011	-10.016061	2.5441677e-05	29920000
188	0.3812500238418579	9.779624	0.7644821	-10.025534	2.6804217e-05	30080000
189	0.4375	9.776425	0.74320364	-10.05825	2.8253113e-05	30240000
190	0.33125001192092896	9.813936	0.7616371	-10.120344	3.432919e-05	30400000
191	0.4000000059604645	9.735451	0.7433419	-10.034176	3.8868624e-05	30560000
192	0.4312500059604645	9.740151	0.76183665	-10.047703	4.3232372e-05	30720000
193	0.46875	9.832726	0.7426133	-10.039111	4.5645058e-05	30880000
194	0.3500000238418579	9.828311	0.75318056	-10.045453	5.009874e-05	31040000
195	0.4125000238418579	9.7837515	0.74349856	-10.006558	5.2872198e-05	31200000
196	0.4625000059604645	9.795068	0.75633615	-10.087216	5.614974e-05	31360000
197	0.41875001788139343	9.785311	0.74094313	-10.054209	6.4341846e-05	31520000
198	0.38749998807907104	9.76767	0.73530823	-10.07384	7.46748e-05	31680000
199	0.3374999761581421	9.79487	0.72690094	-9.992172	8.1567334e-05	31840000
200	0.36250001192092896	9.771893	0.7323808	-10.033069	7.844133e-05	32000000
201	0.48125001788139343	9.71492	0.7273916	-9.983205	7.9053265e-05	32160000
202	0.4437500238418579	9.802934	0.746998	-10.038686	8.452019e-05	32320000
203	0.4749999940395355	9.780871	0.7370183	-10.01116	8.625868e-05	32480000
204	0.40625	9.749291	0.72252184	-10.010088	8.819389e-05	32640000
205	0.4625000059604645	9.799873	0.7334334	-10.068769	9.4784016e-05	32800000
206	0.46875	9.747851	0.7497806	-10.049067	0.0001061321	32960000
207	0.3999999761581421	9.797466	0.7300715	-10.024474	0.000112747395	33120000
208	0.39375001192092896	9.776589	0.72499216	-9.97769	0.00011268284	33280000
209	0.41875001788139343	9.802189	0.7414222	-10.004437	0.00011342259	33440000
210	0.3999999761581421	9.787776	0.73341614	-9.994611	0.00011408672	33600000
211	0.41874998807907104	9.78374	0.7224148	-9.996117	0.000110631925	33760000
212	0.40625	9.796269	0.72994787	-10.035723	0.00011376042	33920000
213	0.4125000238418579	9.745608	0.74736196	-10.0702	0.00012615262	34080000
214	0.4624999761581421	9.77488	0.7361161	-10.018258	0.00013393175	34240000
215	0.40625	9.765755	0.73203725	-10.0791445	0.00014770924	34400000
216	0.4124999940395355	9.764133	0.73600924	-10.066025	0.00016801011	34560000
217	0.46875	9.810193	0.74729174	-10.067849	0.00019248074	34720000
218	0.4312499761581421	9.744837	0.7233254	-10.132607	0.0002349433	34880000
219	0.3812500238418579	9.732106	0.7461653	-10.066186	0.0002736395	35040000
220	0.42500001192092896	9.782223	0.7469082	-10.12093	0.00033108113	35200000
221	0.4375	9.77729	0.75162244	-10.09977	0.0004066401	35360000
222	0.34375	9.725544	0.7350531	-10.15843	0.0005253419	35520000
223	0.40625	9.716793	0.7373386	-10.040971	0.00063285435	35680000
224	0.40625	9.714966	0.74904555	-10.068504	0.0006766008	35840000
225	0.3687500059604645	9.682803	0.73182887	-10.026082	0.0007327033	36000000
226	0.40625	9.688967	0.731065	-10.020542	0.0007881895	36160000
227	0.40625	9.688877	0.7422439	-10.067852	0.0008716316	36320000
228	0.5249999761581421	9.655098	0.74942964	-10.077199	0.0009819057	36480000
229	0.42500001192092896	9.688147	0.72656673	-10.012445	0.0010770395	36640000
230	0.4437500238418579	9.698614	0.73746276	-10.02573	0.0010946541	36800000
231	0.4625000059604645	9.669965	0.74461085	-9.974963	0.0011149341	36960000
232	0.4124999940395355	9.626949	0.7316881	-10.010629	0.0010933351	37120000
233	0.512499988079071	9.641693	0.7315048	-9.958021	0.0010535888	37280000
234	0.44999998807907104	9.639537	0.73261034	-9.952447	0.000967834	37440000
235	0.4124999940395355	9.650928	0.71097463	-9.990842	0.00093639595	37600000
236	0.4375	9.635976	0.7238645	-9.947215	0.00086999167	37760000
237	0.4312500059604645	9.615552	0.7133041	-10.015554	0.0007999316	37920000
238	0.41874998807907104	9.615145	0.72601235	-9.950473	0.00076996896	38080000
239	0.48124998807907104	9.611727	0.7282726	-10.013288	0.0007858505	38240000
240	0.4937499761581421	9.606313	0.71165276	-10.042149	0.0008223797	38400000
241	0.42500001192092896	9.593212	0.72603834	-9.999646	0.00086047314	38560000
242	0.40625	9.598266	0.7325966	-10.060026	0.0009020984	38720000
243	0.4312500059604645	9.631862	0.73351586	-10.029407	0.00098257	38880000
244	0.41874998807907104	9.597645	0.73119706	-10.036436	0.0010362887	39040000
245	0.45625001192092896	9.628592	0.7304121	-9.998487	0.0010532221	39200000
246	0.35624998807907104	9.636057	0.74662244	-10.007229	0.0010929942	39360000
247	0.40625	9.597806	0.7232106	-10.031119	0.0011075848	39520000
248	0.5062500238418579	9.613656	0.72400564	-9.984736	0.0011330759	39680000
249	0.41875001788139343	9.612326	0.7325725	-10.008187	0.0011076841	39840000
250	0.46875	9.586117	0.7241685	-10.059004	0.0012180712	40000000
251	0.4624999761581421	9.613395	0.73797536	-10.009824	0.0012843559	40160000
252	0.3687500059604645	9.64959	0.7478512	-10.059475	0.0013538442	40320000
253	0.4625000059604645	9.639906	0.73764527	-10.031811	0.0015608948	40480000
254	0.36250001192092896	9.624111	0.7393107	-10.032061	0.0016147804	40640000
255	0.4375	9.610747	0.7281147	-10.029645	0.0016764625	40800000
256	0.39375001192092896	9.591115	0.7289491	-10.00208	0.0017703526	40960000
257	0.36250001192092896	9.591353	0.7243369	-10.026662	0.001804462	41120000
258	0.375	9.642431	0.7273416	-9.970594	0.0017997768	41280000
259	0.4437500238418579	9.555685	0.71761376	-9.990913	0.0016893349	41440000
260	0.375	9.558787	0.7262823	-9.995628	0.0016832554	41600000
261	0.40625	9.566959	0.72885954	-9.9811125	0.0016463404	41760000
262	0.3499999940395355	9.59608	0.7405418	-9.985978	0.0015943799	41920000
263	0.3812500238418579	9.554596	0.71681845	-9.961799	0.0015589007	42080000
264	0.375	9.527474	0.7256378	-9.980546	0.0014634756	42240000
265	0.4312500059604645	9.530887	0.72921765	-10.019766	0.0014523811	42400000
266	0.4000000059604645	9.541121	0.7185581	-10.010044	0.0014948788	42560000
267	0.44999998807907104	9.528424	0.7190801	-9.98342	0.0014570312	42720000
268	0.4625000059604645	9.542494	0.73207253	-9.984109	0.001424436	42880000
269	0.4749999940395355	9.531532	0.7312574	-10.039214	0.0014837673	43040000
270	0.4312500059604645	9.492441	0.72430485	-9.974414	0.0014492697	43200000
271	0.4625000059604645	9.515931	0.7277604	-10.028906	0.0014945546	43360000
272	0.4375	9.491004	0.7324269	-9.960414	0.0014750873	43520000
273	0.45625001192092896	9.501942	0.7242935	-10.051361	0.0015032606	43680000
274	0.3812500238418579	9.467232	0.72348595	-9.969268	0.0015596106	43840000
275	0.4749999940395355	9.550788	0.72573084	-9.968176	0.0014596125	44000000
276	0.4749999940395355	9.516524	0.7293031	-9.957525	0.0013428822	44160000
277	0.36250001192092896	9.525846	0.72905797	-9.909567	0.0011745595	44320000
278	0.46875	9.519828	0.7237798	-10.008838	0.0010786302	44480000
279	0.44999998807907104	9.502367	0.738099	-10.008384	0.0010881277	44640000
280	0.3812500238418579	9.552359	0.7296132	-9.9520855	0.0010667384	44800000
281	0.4375000298023224	9.504422	0.7128015	-9.981936	0.0009746737	44960000
282	0.4437499940395355	9.555694	0.72175866	-9.949409	0.00094229856	45120000
283	0.5	9.503135	0.71618265	-10.006613	0.00089625694	45280000
284	0.4437500238418579	9.515109	0.73109233	-9.978188	0.0008892772	45440000
285	0.48750001192092896	9.507022	0.7185044	-9.944893	0.00082466553	45600000
286	0.48125001788139343	9.526436	0.71495885	-10.007523	0.00081935566	45760000
287	0.4375	9.529795	0.7270112	-10.036664	0.0008333539	45920000
288	0.46875	9.5054455	0.7083214	-10.016367	0.00085023965	46080000
289	0.42500001192092896	9.491753	0.7184425	-9.996306	0.0008836951	46240000
290	0.4625000059604645	9.521218	0.71039045	-9.989543	0.0008667947	46400000
291	0.4625000059604645	9.462272	0.7192046	-9.981891	0.0008404641	46560000
292	0.45625001192092896	9.544748	0.72728676	-9.996675	0.00083107315	46720000
293	0.39375001192092896	9.5113125	0.7190394	-10.0019045	0.0008264828	46880000
294	0.40625	9.517807	0.71324193	-9.949556	0.000789093	47040000
295	0.41874998807907104	9.52591	0.7151539	-9.91607	0.0007006748	47200000
296	0.44374996423721313	9.447615	0.7080942	-9.9309025	0.0006111305	47360000
297	0.45625001192092896	9.498604	0.71742326	-9.946539	0.00053867133	47520000
298	0.4437500238418579	9.499965	0.7040438	-9.928563	0.00048561857	47680000
299	0.4624999761581421	9.464445	0.7109393	-9.950864	0.00043137628	47840000
300	0.3687500059604645	9.494374	0.70837253	-9.995207	0.00041641438	48000000
