Epoch	SuccessRate	AverageLossPi	AverageLossQ	AverageMMDEntropy	TotalEnvInteracts
1	0.0	1.0343928	0.10829495	0.0	160000
2	0.0	2.0283275	0.086055465	0.0	320000
3	0.0	2.6030772	0.104696624	0.0	480000
4	0.0	3.0303645	0.118538894	0.0	640000
5	0.0	3.5665557	0.14226165	0.0	800000
6	0.0	4.1198983	0.17426239	0.0	960000
7	0.0	4.6287236	0.2066835	0.0	1120000
8	0.0	5.0793276	0.24070184	0.0	1280000
9	0.0	5.5158267	0.2758316	0.0	1440000
10	0.0	5.897504	0.31571826	0.0	1600000
11	0.0	6.322725	0.35108706	0.0	1760000
12	0.0062500000931322575	6.6590924	0.38555104	0.0	1920000
13	0.0	7.024419	0.41766658	0.0	2080000
14	0.0	7.373388	0.44432762	0.0	2240000
15	0.0	7.6917987	0.4761599	0.0	2400000
16	0.0	7.949465	0.51330715	0.0	2560000
17	0.0062500000931322575	8.268434	0.5406308	0.0	2720000
18	0.0062500000931322575	8.466297	0.5730829	0.0	2880000
19	0.0	8.754493	0.592255	0.0	3040000
20	0.0	8.91394	0.6153916	0.0	3200000
21	0.0	9.167699	0.66530883	0.0	3360000
22	0.0	9.362456	0.67286885	0.0	3520000
23	0.0	9.536099	0.7265105	0.0	3680000
24	0.0	9.703594	0.7492015	0.0	3840000
25	0.0062500000931322575	9.87296	0.771503	0.0	4000000
26	0.0062500000931322575	10.0694275	0.83243054	0.0	4160000
27	0.0062500000931322575	10.235956	0.85634327	0.0	4320000
28	0.0	10.4336	0.8736464	0.0	4480000
29	0.0062500000931322575	10.568189	0.9082277	0.0	4640000
30	0.0	10.770877	0.94630724	0.0	4800000
31	0.0062500000931322575	10.923733	0.96827835	0.0	4960000
32	0.0	11.016383	0.9815957	0.0	5120000
33	0.012500000186264515	11.159416	1.0186381	0.0	5280000
34	0.0	11.263092	1.017875	0.0	5440000
35	0.0	11.4203825	1.0512569	0.0	5600000
36	0.0	11.519296	1.0854732	0.0	5760000
37	0.0	11.635124	1.0945699	0.0	5920000
38	0.0	11.682733	1.1225888	0.0	6080000
39	0.0062500000931322575	11.816943	1.1743767	0.0	6240000
40	0.0	12.002754	1.1956081	0.0	6400000
41	0.0	12.071062	1.2240407	0.0	6560000
42	0.0	12.218995	1.2469683	0.0	6720000
43	0.012500000186264515	12.358841	1.300122	0.0	6880000
44	0.012500000186264515	12.421483	1.3229563	0.0	7040000
45	0.012500000186264515	12.518838	1.3198962	0.0	7200000
46	0.0062500000931322575	12.579443	1.376467	0.0	7360000
47	0.012500000186264515	12.672419	1.3824296	0.0	7520000
48	0.012500000186264515	12.728559	1.4029946	0.0	7680000
49	0.02500000037252903	12.794833	1.4382974	0.0	7840000
50	0.05000000074505806	12.814395	1.4647075	0.0	8000000
51	0.01875000074505806	12.876717	1.4764293	0.0	8160000
52	0.01875000074505806	12.986736	1.5083165	0.0	8320000
53	0.012500000186264515	13.06801	1.5278789	0.0	8480000
54	0.012500000186264515	13.123157	1.5570674	0.0	8640000
55	0.0062500000931322575	13.215865	1.5949798	0.0	8800000
56	0.0062500000931322575	13.324963	1.6215022	0.0	8960000
57	0.0062500000931322575	13.311139	1.600595	0.0	9120000
58	0.01875000074505806	13.414269	1.651974	0.0	9280000
59	0.02500000037252903	13.413693	1.6514486	0.0	9440000
60	0.02500000037252903	13.490299	1.6757468	0.0	9600000
61	0.03750000149011612	13.555028	1.7004235	0.0	9760000
62	0.02500000037252903	13.631948	1.7414787	0.0	9920000
63	0.03750000149011612	13.720469	1.7696372	0.0	10080000
64	0.0062500000931322575	13.750027	1.7607781	0.0	10240000
65	0.01875000074505806	13.795419	1.7883719	0.0	10400000
66	0.03125	13.796166	1.7916597	0.0	10560000
67	0.0625	13.851518	1.8159443	0.0	10720000
68	0.0062500000931322575	13.944479	1.8492593	0.0	10880000
69	0.03125	14.024019	1.8565911	0.0	11040000
70	0.0062500000931322575	14.055961	1.8924563	0.0	11200000
71	0.02500000037252903	14.017237	1.90357	0.0	11360000
72	0.02500000037252903	14.096473	1.9621783	0.0	11520000
73	0.05624999850988388	14.181305	1.951192	0.0	11680000
74	0.01875000074505806	14.235317	1.9860847	0.0	11840000
75	0.05000000074505806	14.238023	1.9797544	0.0	12000000
76	0.08750000596046448	14.299548	2.0043633	0.0	12160000
77	0.03125	14.345407	2.0362487	0.0	12320000
78	0.04374999925494194	14.38836	2.0392723	0.0	12480000
79	0.05625000223517418	14.41749	2.0683494	0.0	12640000
80	0.03750000149011612	14.443734	2.0888705	0.0	12800000
81	0.03125	14.407912	2.078408	0.0	12960000
82	0.05000000074505806	14.496781	2.090442	0.0	13120000
83	0.04374999925494194	14.531382	2.087814	0.0	13280000
84	0.06875000149011612	14.555209	2.1153035	0.0	13440000
85	0.0625	14.592086	2.1276226	0.0	13600000
86	0.05624999850988388	14.59173	2.142375	0.0	13760000
87	0.10625000298023224	14.632805	2.168794	0.0	13920000
88	0.09375	14.668338	2.1965249	0.0	14080000
89	0.07500000298023224	14.734213	2.192822	0.0	14240000
90	0.05624999850988388	14.770241	2.2013965	0.0	14400000
91	0.0062500000931322575	14.770929	2.2038326	0.0	14560000
92	0.07500000298023224	14.813371	2.2271764	0.0	14720000
93	0.06875000149011612	14.870205	2.2448971	0.0	14880000
94	0.08125000447034836	14.927264	2.272658	0.0	15040000
95	0.08124999701976776	14.994733	2.2568717	0.0	15200000
96	0.05624999850988388	15.009744	2.2904682	0.0	15360000
97	0.02500000037252903	15.0056095	2.2731488	0.0	15520000
98	0.04375000298023224	15.064675	2.290136	0.0	15680000
99	0.0625	15.12689	2.3191435	0.0	15840000
100	0.09375	15.20007	2.3418422	0.0	16000000
101	0.08124999701976776	15.239964	2.3852375	0.0	16160000
102	0.0625	15.289025	2.3566763	0.0	16320000
103	0.05624999850988388	15.2741995	2.3868074	0.0	16480000
104	0.125	15.282633	2.369545	0.0	16640000
105	0.09375	15.229573	2.407899	0.0	16800000
106	0.08750000596046448	15.30178	2.397294	0.0	16960000
107	0.0937500074505806	15.335325	2.4138114	0.0	17120000
108	0.09375	15.375816	2.4220574	0.0	17280000
109	0.13749998807907104	15.369261	2.42605	0.0	17440000
110	0.08124999701976776	15.430637	2.4481783	0.0	17600000
111	0.06875000149011612	15.449812	2.438374	0.0	17760000
112	0.13750000298023224	15.47403	2.4641182	0.0	17920000
113	0.11249999701976776	15.480789	2.5014596	0.0	18080000
114	0.125	15.554428	2.4991865	0.0	18240000
115	0.09375	15.618187	2.5158944	0.0	18400000
116	0.06875000149011612	15.62902	2.5227575	0.0	18560000
117	0.10625000298023224	15.706819	2.5564084	0.0	18720000
118	0.08124999701976776	15.701242	2.5593777	0.0	18880000
119	0.16250000894069672	15.762588	2.5882056	0.0	19040000
120	0.08750000596046448	15.729534	2.577332	0.0	19200000
121	0.14375001192092896	15.792172	2.608593	0.0	19360000
122	0.11875000596046448	15.847602	2.608477	0.0	19520000
123	0.08124999701976776	15.881866	2.606621	0.0	19680000
124	0.13750000298023224	15.934473	2.5711963	0.0	19840000
125	0.10625000298023224	15.978357	2.6384845	0.0	20000000
126	0.16249999403953552	15.998839	2.6334116	0.0	20160000
127	0.14374999701976776	16.012867	2.6453164	0.0	20320000
128	0.125	16.073435	2.669481	0.0	20480000
129	0.07500000298023224	16.044456	2.6648169	0.0	20640000
130	0.125	16.10032	2.7087572	0.0	20800000
131	0.13124999403953552	16.060688	2.6473231	0.0	20960000
132	0.18125000596046448	16.090939	2.6956744	0.0	21120000
133	0.10625000298023224	16.151827	2.7097666	0.0	21280000
134	0.14375001192092896	16.185349	2.7072933	0.0	21440000
135	0.16875000298023224	16.19322	2.7427638	0.0	21600000
136	0.13750000298023224	16.252031	2.701465	0.0	21760000
137	0.09375	16.311481	2.751394	0.0	21920000
138	0.13750000298023224	16.34161	2.7663054	0.0	22080000
139	0.15625	16.317892	2.7620938	0.0	22240000
140	0.11874999850988388	16.352863	2.7781615	0.0	22400000
141	0.10000000149011612	16.376314	2.8142014	0.0	22560000
142	0.13750000298023224	16.395182	2.8677514	0.0	22720000
143	0.13749998807907104	16.38137	2.841789	0.0	22880000
144	0.16250000894069672	16.39379	2.8573503	0.0	23040000
145	0.15000000596046448	16.38475	2.870868	0.0	23200000
146	0.16249999403953552	16.439905	2.8486688	0.0	23360000
147	0.17500001192092896	16.460829	2.8612866	0.0	23520000
148	0.15625	16.491644	2.8799531	0.0	23680000
149	0.1875	16.574312	2.8924634	0.0	23840000
150	0.19375000894069672	16.586054	2.9056094	0.0	24000000
151	0.16249999403953552	16.552563	2.90656	0.0	24160000
152	0.20624999701976776	16.514906	2.9346635	0.0	24320000
153	0.11249999701976776	16.566566	2.9647322	0.0	24480000
154	0.20000000298023224	16.52256	2.946128	0.0	24640000
155	0.20624999701976776	16.612284	2.938743	0.0	24800000
156	0.16875001788139343	16.615461	2.9498868	0.0	24960000
157	0.2562499940395355	16.663864	2.9440866	0.0	25120000
158	0.16875000298023224	16.689692	3.0079765	0.0	25280000
159	0.21250000596046448	16.70801	3.0188348	0.0	25440000
160	0.18125000596046448	16.766613	3.01689	0.0	25600000
161	0.28125	16.837141	3.0314267	0.0	25760000
162	0.15625	16.803625	3.0518973	0.0	25920000
163	0.22500000894069672	16.79683	3.0609324	0.0	26080000
164	0.16250000894069672	16.786648	3.0558345	0.0	26240000
165	0.28125	16.813694	3.0464337	0.0	26400000
166	0.25	16.826736	3.0874774	0.0	26560000
167	0.30000001192092896	16.805906	3.0804439	0.0	26720000
168	0.26249998807907104	16.834654	3.1227834	0.0	26880000
169	0.25	16.850414	3.1323805	0.0	27040000
170	0.18124999105930328	16.814066	3.1061215	0.0	27200000
171	0.20000000298023224	16.831955	3.1385558	0.0	27360000
172	0.20000000298023224	16.862574	3.1522396	0.0	27520000
173	0.21875	16.862652	3.1440663	0.0	27680000
174	0.15000000596046448	16.853868	3.1828399	0.0	27840000
175	0.21249999105930328	16.929165	3.171334	0.0	28000000
176	0.25	16.920881	3.177672	0.0	28160000
177	0.23124998807907104	16.970734	3.1687207	0.0	28320000
178	0.23750001192092896	16.890892	3.218611	0.0	28480000
179	0.21250000596046448	16.897465	3.2091084	0.0	28640000
180	0.2562499940395355	16.92015	3.2742932	0.0	28800000
181	0.29374998807907104	16.910809	3.251634	0.0	28960000
182	0.26249998807907104	16.912333	3.270902	0.0	29120000
183	0.23125000298023224	16.971556	3.2945602	0.0	29280000
184	0.2875000238418579	16.974497	3.2866821	0.0	29440000
185	0.2874999940395355	16.978796	3.2918637	0.0	29600000
186	0.20625001192092896	16.9702	3.316144	0.0	29760000
187	0.25	16.95811	3.3462515	0.0	29920000
188	0.3125	16.901539	3.3288267	0.0	30080000
189	0.1875	16.916496	3.3514473	0.0	30240000
190	0.24375000596046448	16.874851	3.3929672	0.0	30400000
191	0.35624998807907104	16.880804	3.3441892	0.0	30560000
192	0.21875	16.907545	3.3868315	0.0	30720000
193	0.375	16.922281	3.3859463	0.0	30880000
194	0.2562500238418579	16.872799	3.3849962	0.0	31040000
195	0.28125	16.854973	3.393618	0.0	31200000
196	0.28125	16.821787	3.4162097	0.0	31360000
197	0.30000001192092896	16.789145	3.4036422	0.0	31520000
198	0.21875	16.83584	3.4463224	0.0	31680000
199	0.26875001192092896	16.881218	3.4390774	0.0	31840000
200	0.3062500059604645	16.818668	3.4485314	0.0	32000000
201	0.29375001788139343	16.852076	3.4359844	0.0	32160000
202	0.29375001788139343	16.870922	3.4246058	0.0	32320000
203	0.21875	16.891506	3.4316874	0.0	32480000
204	0.3500000238418579	16.789875	3.4262226	0.0	32640000
205	0.33125001192092896	16.834942	3.4283643	0.0	32800000
206	0.2562500238418579	16.78955	3.4747963	0.0	32960000
207	0.28125	16.813248	3.4808302	0.0	33120000
208	0.3062500059604645	16.840683	3.4741864	0.0	33280000
209	0.2750000059604645	16.83678	3.4588854	0.0	33440000
210	0.29374998807907104	16.82565	3.4754076	0.0	33600000
211	0.27500003576278687	16.810421	3.4801006	0.0	33760000
212	0.32499998807907104	16.834864	3.462913	0.0	33920000
213	0.32500001788139343	16.832657	3.4970665	0.0	34080000
214	0.3062500059604645	16.783316	3.4951944	0.0	34240000
215	0.23124998807907104	16.747555	3.5333326	0.0	34400000
216	0.3062499761581421	16.707834	3.5032558	0.0	34560000
217	0.2874999940395355	16.730766	3.5125957	0.0	34720000
218	0.3499999940395355	16.70062	3.5475254	0.0	34880000
219	0.3687499761581421	16.636639	3.5895753	0.0	35040000
220	0.36250001192092896	16.666426	3.5385616	0.0	35200000
221	0.34375	16.653324	3.5438232	0.0	35360000
222	0.3500000238418579	16.698406	3.5550797	0.0	35520000
223	0.34375	16.697172	3.5374026	0.0	35680000
224	0.34375	16.756248	3.5493922	0.0	35840000
225	0.24374999105930328	16.77788	3.5134943	0.0	36000000
226	0.375	16.77143	3.5278447	0.0	36160000
227	0.38750001788139343	16.819727	3.5260034	0.0	36320000
228	0.26875001192092896	16.768496	3.5425372	0.0	36480000
229	0.4437499940395355	16.750814	3.5342114	0.0	36640000
230	0.3125000298023224	16.728699	3.5914567	0.0	36800000
231	0.34375	16.70498	3.556469	0.0	36960000
232	0.35624998807907104	16.672499	3.5836754	0.0	37120000
233	0.34375	16.684973	3.581675	0.0	37280000
234	0.40625	16.681786	3.5615203	0.0	37440000
235	0.33125001192092896	16.703497	3.5946753	0.0	37600000
236	0.3187500238418579	16.699509	3.5659523	0.0	37760000
237	0.40625	16.758112	3.555857	0.0	37920000
238	0.35624998807907104	16.746983	3.583271	0.0	38080000
239	0.36875003576278687	16.784517	3.571474	0.0	38240000
240	0.30000001192092896	16.736065	3.5646038	0.0	38400000
241	0.39375001192092896	16.680864	3.6179585	0.0	38560000
242	0.3812500238418579	16.741356	3.5951664	0.0	38720000
243	0.3500000238418579	16.691387	3.6518745	0.0	38880000
244	0.4000000059604645	16.692953	3.6049082	0.0	39040000
245	0.34375	16.706905	3.6330953	0.0	39200000
246	0.33125001192092896	16.680286	3.630342	0.0	39360000
247	0.41875001788139343	16.67304	3.6311991	0.0	39520000
248	0.34375	16.680336	3.6670902	0.0	39680000
249	0.4312500059604645	16.682451	3.6212866	0.0	39840000
250	0.3375000059604645	16.660168	3.6494174	0.0	40000000
251	0.3812500238418579	16.718378	3.64742	0.0	40160000
252	0.32499998807907104	16.699858	3.680974	0.0	40320000
253	0.3375000059604645	16.69165	3.650263	0.0	40480000
254	0.36250001192092896	16.694712	3.6510777	0.0	40640000
255	0.36250001192092896	16.730543	3.6465387	0.0	40800000
256	0.36250001192092896	16.714434	3.641315	0.0	40960000
257	0.34375	16.694994	3.6798303	0.0	41120000
258	0.3125	16.720186	3.6439974	0.0	41280000
259	0.3187500238418579	16.673216	3.644144	0.0	41440000
260	0.36250001192092896	16.732199	3.653639	0.0	41600000
261	0.41874998807907104	16.66938	3.6746485	0.0	41760000
262	0.375	16.653662	3.690469	0.0	41920000
263	0.41874998807907104	16.602127	3.6716952	0.0	42080000
264	0.40625	16.558382	3.664697	0.0	42240000
265	0.4625000059604645	16.60115	3.6824837	0.0	42400000
266	0.40625	16.6485	3.6809254	0.0	42560000
267	0.3375000059604645	16.737745	3.6528115	0.0	42720000
268	0.3125	16.749996	3.665502	0.0	42880000
269	0.3375000059604645	16.749723	3.6478362	0.0	43040000
270	0.3125	16.71541	3.6443272	0.0	43200000
271	0.40625	16.70699	3.6622074	0.0	43360000
272	0.45625001192092896	16.66013	3.6761148	0.0	43520000
273	0.4312500059604645	16.657347	3.669564	0.0	43680000
274	0.4375	16.68143	3.671574	0.0	43840000
275	0.33125001192092896	16.637499	3.6660051	0.0	44000000
276	0.4375	16.617426	3.6670575	0.0	44160000
277	0.42500001192092896	16.653362	3.685939	0.0	44320000
278	0.41874998807907104	16.679562	3.6756954	0.0	44480000
279	0.38749998807907104	16.658823	3.6727915	0.0	44640000
280	0.39375001192092896	16.672707	3.660453	0.0	44800000
281	0.4124999940395355	16.672598	3.6641982	0.0	44960000
282	0.4000000059604645	16.620651	3.6829796	0.0	45120000
283	0.3687500059604645	16.594011	3.7080958	0.0	45280000
284	0.39375001192092896	16.63961	3.7038703	0.0	45440000
285	0.39375001192092896	16.643383	3.7032688	0.0	45600000
286	0.41874998807907104	16.601812	3.699983	0.0	45760000
287	0.4125000238418579	16.613998	3.6879284	0.0	45920000
288	0.45625001192092896	16.61446	3.703416	0.0	46080000
289	0.375	16.550505	3.7113438	0.0	46240000
290	0.4124999940395355	16.564064	3.7232075	0.0	46400000
291	0.39375001192092896	16.578274	3.7379649	0.0	46560000
292	0.3687500059604645	16.586943	3.7068818	0.0	46720000
293	0.4375	16.545893	3.7182152	0.0	46880000
294	0.41874998807907104	16.51766	3.741689	0.0	47040000
295	0.4312499761581421	16.479992	3.7142413	0.0	47200000
296	0.46875	16.448952	3.7259839	0.0	47360000
297	0.42500001192092896	16.422016	3.7147303	0.0	47520000
298	0.3499999940395355	16.424395	3.755892	0.0	47680000
299	0.4000000059604645	16.364418	3.7495177	0.0	47840000
300	0.40625	16.406189	3.736891	0.0	48000000
