Epoch	SuccessRate	AverageLossPi	AverageLossQ	AverageEntropy	TotalEnvInteracts
1	0.012500000186264515	-0.29341877	0.005622633	-2.7344851	40000
2	0.0	-0.061100967	0.0042730356	-2.7340457	80000
3	0.0	0.19056714	0.0071743927	-2.7349098	120000
4	0.0	0.4124569	0.010387472	-2.7334445	160000
5	0.0	0.63853395	0.015298836	-2.7228377	200000
6	0.012500000186264515	0.8579211	0.020977782	-2.7144122	240000
7	0.0	1.0395195	0.024567792	-2.7134411	280000
8	0.012500000186264515	1.2473447	0.03231443	-2.7093794	320000
9	0.0	1.4483773	0.04103079	-2.703939	360000
10	0.012500000186264515	1.6692773	0.049776357	-2.6966562	400000
11	0.012500000186264515	1.8812941	0.06786259	-2.6864812	440000
12	0.05000000074505806	2.087876	0.080541685	-2.6755676	480000
13	0.02500000037252903	2.2987058	0.097885445	-2.6674576	520000
14	0.10000000149011612	2.5115921	0.12445937	-2.65087	560000
15	0.10000000149011612	2.7080557	0.14614756	-2.6362514	600000
16	0.125	2.8833797	0.17959891	-2.6181743	640000
17	0.25	3.0681427	0.21648297	-2.5998871	680000
18	0.13750000298023224	3.225787	0.23435931	-2.5845003	720000
19	0.21250000596046448	3.4171748	0.27669305	-2.5708895	760000
20	0.13750000298023224	3.5679698	0.30892807	-2.5598223	800000
21	0.20000000298023224	3.7430472	0.34071577	-2.5433452	840000
22	0.2875000238418579	3.899519	0.38041633	-2.5329027	880000
23	0.3500000238418579	4.03587	0.42497906	-2.5258873	920000
24	0.2874999940395355	4.1880674	0.46128082	-2.5157	960000
25	0.2875000238418579	4.303802	0.5099808	-2.502317	1000000
26	0.20000000298023224	4.47593	0.5314118	-2.499047	1040000
27	0.3125	4.56666	0.5898529	-2.4879088	1080000
28	0.4124999940395355	4.708232	0.6303005	-2.4735672	1120000
29	0.38749998807907104	4.8169026	0.66586053	-2.465243	1160000
30	0.375	4.912861	0.70248836	-2.456892	1200000
31	0.4000000059604645	5.020779	0.75564027	-2.4525883	1240000
32	0.4125000238418579	5.144016	0.7890198	-2.4460409	1280000
33	0.36250001192092896	5.2445297	0.8317679	-2.4297135	1320000
34	0.36250001192092896	5.3446717	0.87440294	-2.4251602	1360000
35	0.4124999940395355	5.4450245	0.91083395	-2.421872	1400000
36	0.512499988079071	5.532569	0.9392573	-2.4123075	1440000
37	0.5	5.635579	0.9643019	-2.4070508	1480000
38	0.4375	5.742112	0.9852718	-2.3983076	1520000
39	0.5	5.826704	1.0444214	-2.3936331	1560000
40	0.5625	5.8859982	1.0627646	-2.3919501	1600000
41	0.42500001192092896	5.963932	1.0971528	-2.3790102	1640000
42	0.5	6.082154	1.1272737	-2.3762474	1680000
43	0.36250001192092896	6.156536	1.1482815	-2.373666	1720000
44	0.4625000059604645	6.227858	1.1953562	-2.3633409	1760000
45	0.4749999940395355	6.2840195	1.204157	-2.3618479	1800000
46	0.45000001788139343	6.3629827	1.2435997	-2.3476515	1840000
47	0.625	6.42513	1.2411032	-2.3410206	1880000
48	0.5	6.5200567	1.2324156	-2.339209	1920000
49	0.48749998211860657	6.579753	1.2906798	-2.3272488	1960000
50	0.574999988079071	6.604081	1.2745094	-2.329875	2000000
51	0.574999988079071	6.662338	1.3240757	-2.327249	2040000
52	0.5750000476837158	6.734314	1.3301306	-2.3145049	2080000
53	0.5750000476837158	6.81388	1.3987552	-2.3104842	2120000
54	0.6499999761581421	6.8770995	1.4205558	-2.3060515	2160000
55	0.4375	6.910474	1.422204	-2.2936265	2200000
56	0.675000011920929	6.9545617	1.4337424	-2.2995353	2240000
57	0.6375000476837158	7.0236588	1.4623053	-2.3003008	2280000
58	0.5625	7.054376	1.4936823	-2.2953403	2320000
59	0.4749999940395355	7.1403513	1.5133224	-2.276403	2360000
60	0.6499999761581421	7.197463	1.5237705	-2.2638326	2400000
61	0.6499999761581421	7.2612247	1.571897	-2.2641845	2440000
62	0.6625000238418579	7.305543	1.6197393	-2.26094	2480000
63	0.625	7.323775	1.6596677	-2.2587004	2520000
64	0.5249999761581421	7.4143515	1.6453104	-2.2647042	2560000
65	0.6000000238418579	7.460112	1.6714351	-2.2451646	2600000
66	0.625	7.515875	1.7206931	-2.259396	2640000
67	0.5874999761581421	7.572997	1.6932913	-2.257922	2680000
68	0.5375000238418579	7.6053376	1.6998518	-2.2382507	2720000
69	0.7124999761581421	7.67666	1.7155777	-2.2458477	2760000
70	0.6875	7.721982	1.7478431	-2.229397	2800000
71	0.6499999761581421	7.769063	1.8193824	-2.241918	2840000
72	0.625	7.7656126	1.8188839	-2.2516682	2880000
73	0.699999988079071	7.8374276	1.81747	-2.2324	2920000
74	0.6000000238418579	7.940667	1.8557988	-2.2409544	2960000
75	0.4625000059604645	7.970721	1.8500078	-2.2395175	3000000
76	0.637499988079071	8.009058	1.8602495	-2.2527115	3040000
77	0.5875000357627869	8.063198	1.8792979	-2.2491138	3080000
78	0.6499999761581421	8.078576	1.8281544	-2.2329853	3120000
79	0.7124999761581421	8.081756	1.8452005	-2.2275133	3160000
80	0.625	8.0777025	1.9074447	-2.218017	3200000
81	0.7749999761581421	8.134004	1.9075679	-2.2130978	3240000
82	0.6625000238418579	8.122696	1.8324553	-2.2177489	3280000
83	0.6499999761581421	8.16941	1.8928514	-2.2106264	3320000
84	0.675000011920929	8.17942	1.9005308	-2.2225025	3360000
85	0.75	8.197092	1.8961312	-2.2097967	3400000
86	0.6000000238418579	8.23016	1.8402354	-2.2068892	3440000
87	0.675000011920929	8.223437	1.912981	-2.1870987	3480000
88	0.550000011920929	8.225346	1.8842165	-2.1956816	3520000
89	0.7250000238418579	8.228503	1.8484732	-2.18981	3560000
90	0.7000000476837158	8.264354	1.8668169	-2.1773765	3600000
91	0.6875	8.267818	1.8927288	-2.182871	3640000
92	0.7250000238418579	8.242459	1.8654752	-2.1726131	3680000
93	0.7749999761581421	8.237616	1.7961913	-2.1732771	3720000
94	0.675000011920929	8.228223	1.8821807	-2.180012	3760000
95	0.5625	8.244857	1.906882	-2.1746745	3800000
96	0.75	8.255114	1.9167196	-2.1906226	3840000
97	0.625	8.265277	1.898115	-2.176256	3880000
98	0.6000000238418579	8.314697	1.9201709	-2.1680229	3920000
99	0.7875000238418579	8.316363	1.9380865	-2.1608043	3960000
100	0.7249999642372131	8.350165	1.925805	-2.1787705	4000000
101	0.675000011920929	8.379059	1.9382371	-2.1772351	4040000
102	0.625	8.390642	1.9435434	-2.1596675	4080000
103	0.6499999761581421	8.395327	1.9581937	-2.1759434	4120000
104	0.6000000238418579	8.461397	1.9738746	-2.1684349	4160000
105	0.6875	8.479946	1.9660679	-2.1874268	4200000
106	0.7374999523162842	8.569226	1.9541777	-2.1848767	4240000
107	0.625	8.596625	2.0333202	-2.183871	4280000
108	0.6000000238418579	8.587652	2.0128596	-2.172111	4320000
109	0.75	8.647242	2.0195343	-2.184288	4360000
110	0.7000000476837158	8.659165	2.0151143	-2.1784675	4400000
111	0.5625	8.657046	2.0309272	-2.1771746	4440000
112	0.6625000238418579	8.693893	2.0070243	-2.1782255	4480000
113	0.637499988079071	8.715094	2.0020645	-2.161958	4520000
114	0.7125000357627869	8.713265	2.0037937	-2.1666338	4560000
115	0.6749999523162842	8.768845	2.0269167	-2.1692846	4600000
116	0.625	8.751356	2.0073283	-2.1734858	4640000
117	0.6500000357627869	8.807709	2.0525181	-2.1685522	4680000
118	0.675000011920929	8.857437	2.0588927	-2.1590536	4720000
119	0.5375000238418579	8.900973	2.0647154	-2.171313	4760000
120	0.5499999523162842	8.939746	2.0575264	-2.1713667	4800000
121	0.612500011920929	8.972998	2.1497724	-2.1596541	4840000
122	0.4750000238418579	9.025227	2.1057026	-2.1648655	4880000
123	0.6499999761581421	9.057875	2.0672822	-2.147978	4920000
124	0.6499999761581421	9.102653	2.1438458	-2.1561852	4960000
125	0.7250000238418579	9.059993	2.1330752	-2.1702788	5000000
126	0.6000000238418579	9.133721	2.1626663	-2.1579106	5040000
127	0.6625000238418579	9.106641	2.1617458	-2.16588	5080000
128	0.637499988079071	9.134727	2.1686363	-2.1625762	5120000
129	0.6875	9.136303	2.183693	-2.14674	5160000
130	0.6375000476837158	9.117748	2.1635303	-2.1583228	5200000
131	0.75	9.15932	2.1484525	-2.1564214	5240000
132	0.7250000238418579	9.123511	2.1689942	-2.1388521	5280000
133	0.5750000476837158	9.108344	2.2001529	-2.1400342	5320000
134	0.7250000238418579	9.140027	2.1978333	-2.1449223	5360000
135	0.625	9.183794	2.1795566	-2.1520638	5400000
136	0.5874999761581421	9.133202	2.2329085	-2.1493938	5440000
137	0.6499999761581421	9.166206	2.2293062	-2.1556292	5480000
138	0.7374999523162842	9.15631	2.2597363	-2.144401	5520000
139	0.7749999761581421	9.171985	2.251058	-2.1430137	5560000
140	0.625	9.155313	2.2099051	-2.140904	5600000
141	0.75	9.18427	2.2386296	-2.142089	5640000
142	0.800000011920929	9.206246	2.2611783	-2.1259108	5680000
143	0.75	9.169833	2.2252705	-2.154134	5720000
144	0.6499999761581421	9.198445	2.262991	-2.1337714	5760000
145	0.7000000476837158	9.172291	2.1974578	-2.1585302	5800000
146	0.7250000238418579	9.2012615	2.2969258	-2.1288555	5840000
147	0.7875000238418579	9.165944	2.2422721	-2.1495845	5880000
148	0.6750000715255737	9.150016	2.209256	-2.1446846	5920000
149	0.6499999761581421	9.131233	2.2696674	-2.1334727	5960000
150	0.699999988079071	9.124271	2.2340665	-2.1298232	6000000
151	0.6625000238418579	9.175071	2.3158772	-2.1453738	6040000
152	0.6124999523162842	9.199105	2.32275	-2.1254208	6080000
153	0.7249999642372131	9.183945	2.2829854	-2.1311536	6120000
154	0.6624999642372131	9.167	2.2821796	-2.1333888	6160000
155	0.5750000476837158	9.19302	2.2905438	-2.133012	6200000
156	0.7000000476837158	9.208113	2.3580596	-2.1437056	6240000
157	0.6625000238418579	9.22195	2.3462126	-2.1278827	6280000
158	0.625	9.244018	2.343519	-2.1255877	6320000
159	0.6875	9.245297	2.3603477	-2.1141937	6360000
160	0.7124999761581421	9.273408	2.3331347	-2.1316836	6400000
161	0.6000000238418579	9.338336	2.396508	-2.140546	6440000
162	0.637499988079071	9.357815	2.3787255	-2.1392324	6480000
163	0.7875000238418579	9.37683	2.4413261	-2.131913	6520000
164	0.6000000238418579	9.413304	2.3782296	-2.12241	6560000
165	0.675000011920929	9.449799	2.428284	-2.1408257	6600000
166	0.6499999761581421	9.545535	2.4634223	-2.1366982	6640000
167	0.7000000476837158	9.603057	2.4488416	-2.132342	6680000
168	0.5499999523162842	9.602887	2.4933698	-2.1240802	6720000
169	0.6624999642372131	9.7021055	2.4896646	-2.1509912	6760000
170	0.7625000476837158	9.669924	2.503299	-2.1410155	6800000
171	0.699999988079071	9.690191	2.4884496	-2.1248536	6840000
172	0.7250000238418579	9.738768	2.4886155	-2.1244533	6880000
173	0.737500011920929	9.72572	2.4720924	-2.1183567	6920000
174	0.5	9.732469	2.4150465	-2.1377242	6960000
175	0.762499988079071	9.78455	2.3927672	-2.1652467	7000000
176	0.6375000476837158	9.76893	2.4621377	-2.1408281	7040000
177	0.699999988079071	9.770674	2.4795332	-2.1332066	7080000
178	0.5499999523162842	9.779936	2.5060234	-2.1402595	7120000
179	0.6625000238418579	9.82592	2.4879127	-2.1265492	7160000
180	0.6875	9.900369	2.5229912	-2.1014178	7200000
181	0.7000000476837158	9.921935	2.5447817	-2.111669	7240000
182	0.6499999761581421	9.892203	2.5583105	-2.11668	7280000
183	0.574999988079071	9.945545	2.6080837	-2.11327	7320000
184	0.4124999940395355	10.008003	2.542499	-2.1149278	7360000
185	0.637499988079071	10.002533	2.5389736	-2.1316836	7400000
186	0.7250000238418579	10.050884	2.5475786	-2.1288726	7440000
187	0.699999988079071	10.064552	2.5736656	-2.1172936	7480000
188	0.75	10.071151	2.5756376	-2.1048589	7520000
189	0.6875	10.081537	2.5295572	-2.1283774	7560000
190	0.6000000238418579	10.119773	2.5438943	-2.1192098	7600000
191	0.7749999761581421	10.041049	2.504529	-2.120538	7640000
192	0.699999988079071	10.046834	2.4975114	-2.1148272	7680000
193	0.6749999523162842	10.045678	2.5263188	-2.1251407	7720000
194	0.6875	10.081474	2.4400964	-2.107809	7760000
195	0.800000011920929	10.162528	2.530656	-2.0990474	7800000
196	0.6875	10.080363	2.4690187	-2.102504	7840000
197	0.6875	10.103109	2.5644197	-2.1128793	7880000
198	0.6875	10.132832	2.4422066	-2.136224	7920000
199	0.6875	10.117264	2.484467	-2.0896568	7960000
200	0.6625000238418579	10.095765	2.4240775	-2.087582	8000000
201	0.699999988079071	10.062296	2.4554267	-2.1109107	8040000
202	0.7875000238418579	10.071248	2.4277346	-2.1075652	8080000
203	0.7625000476837158	10.128111	2.4489067	-2.130897	8120000
204	0.7749999761581421	10.129458	2.4416382	-2.1066391	8160000
205	0.6875	10.100925	2.4747808	-2.0945928	8200000
206	0.6499999761581421	10.061604	2.448805	-2.098454	8240000
207	0.6875	10.090818	2.4559045	-2.1145449	8280000
208	0.7250000238418579	10.134384	2.4887004	-2.1600153	8320000
209	0.7250000238418579	10.155348	2.4681046	-2.1138241	8360000
210	0.675000011920929	10.222313	2.4701939	-2.1027527	8400000
211	0.7250000238418579	10.280953	2.5093105	-2.1094494	8440000
212	0.5375000238418579	10.302489	2.5074804	-2.116602	8480000
213	0.7124999761581421	10.358691	2.546333	-2.1104484	8520000
214	0.75	10.329224	2.5334013	-2.1072536	8560000
215	0.7250000238418579	10.360318	2.5360284	-2.1215415	8600000
216	0.675000011920929	10.309237	2.4838536	-2.1088004	8640000
217	0.699999988079071	10.257055	2.4850593	-2.112754	8680000
218	0.800000011920929	10.317424	2.46173	-2.0974176	8720000
219	0.574999988079071	10.299662	2.4949315	-2.0943053	8760000
220	0.6875	10.259631	2.499243	-2.0934052	8800000
221	0.5874999761581421	10.243697	2.484984	-2.1202016	8840000
222	0.7374999523162842	10.261184	2.499879	-2.122018	8880000
223	0.6499999761581421	10.297011	2.507587	-2.1089892	8920000
224	0.6500000357627869	10.332019	2.5155313	-2.1219199	8960000
225	0.574999988079071	10.261543	2.5150378	-2.129396	9000000
226	0.625	10.327016	2.542012	-2.1261284	9040000
227	0.75	10.334444	2.5329669	-2.1222563	9080000
228	0.7000000476837158	10.416935	2.535638	-2.1200058	9120000
229	0.762499988079071	10.356449	2.524675	-2.0903406	9160000
230	0.7749999761581421	10.378708	2.4361389	-2.1226566	9200000
231	0.7250000238418579	10.326807	2.5014727	-2.1041143	9240000
232	0.7124999761581421	10.365816	2.526539	-2.13404	9280000
233	0.7124999761581421	10.358857	2.520935	-2.0966058	9320000
234	0.7000000476837158	10.4223795	2.478334	-2.1323237	9360000
235	0.762499988079071	10.437129	2.463651	-2.0991392	9400000
236	0.6875	10.484051	2.5321426	-2.1132407	9440000
237	0.7124999761581421	10.444453	2.4816792	-2.0812933	9480000
238	0.675000011920929	10.467507	2.4842796	-2.1197398	9520000
239	0.762499988079071	10.465199	2.5199566	-2.1063461	9560000
240	0.6749999523162842	10.427123	2.4473228	-2.1268394	9600000
241	0.6750000715255737	10.416359	2.436985	-2.1187367	9640000
242	0.75	10.38835	2.4510205	-2.1096778	9680000
243	0.699999988079071	10.321165	2.4783583	-2.1300259	9720000
244	0.5625	10.262746	2.4399066	-2.1426644	9760000
245	0.7374999523162842	10.289476	2.3803809	-2.1110635	9800000
246	0.7124999761581421	10.340582	2.3809903	-2.1011274	9840000
247	0.675000011920929	10.3538885	2.4789336	-2.100545	9880000
248	0.6875	10.369988	2.4727993	-2.0879414	9920000
249	0.7124999761581421	10.335588	2.4327679	-2.0985951	9960000
250	0.7124999761581421	10.337011	2.4803936	-2.1104937	10000000
251	0.6499999761581421	10.373299	2.475496	-2.110025	10040000
252	0.800000011920929	10.383016	2.4882364	-2.0919902	10080000
253	0.7124999761581421	10.34993	2.4627583	-2.0990028	10120000
254	0.625	10.4109535	2.4932714	-2.1222997	10160000
255	0.7374999523162842	10.463141	2.4954405	-2.093028	10200000
256	0.7875000238418579	10.444362	2.4860713	-2.1021216	10240000
257	0.762499988079071	10.466401	2.53628	-2.0883439	10280000
258	0.6875	10.502141	2.530477	-2.100639	10320000
259	0.5750000476837158	10.4920225	2.574294	-2.0982704	10360000
260	0.6875	10.550004	2.560104	-2.1133976	10400000
261	0.8375000357627869	10.471742	2.514882	-2.1140802	10440000
262	0.7250000238418579	10.525767	2.5112052	-2.0971484	10480000
263	0.699999988079071	10.513801	2.5106578	-2.105657	10520000
264	0.7124999761581421	10.509961	2.475331	-2.1276407	10560000
265	0.7249999642372131	10.4356985	2.4854174	-2.1003428	10600000
266	0.7249999642372131	10.480004	2.473981	-2.097219	10640000
267	0.699999988079071	10.488332	2.4484234	-2.092676	10680000
268	0.699999988079071	10.445842	2.4070873	-2.1022387	10720000
269	0.5625	10.436944	2.4234178	-2.124001	10760000
270	0.7124999761581421	10.438616	2.4045308	-2.1122565	10800000
271	0.6750000715255737	10.507694	2.3898833	-2.0941095	10840000
272	0.7999999523162842	10.4506855	2.428308	-2.1292114	10880000
273	0.7625000476837158	10.435733	2.4239507	-2.107571	10920000
274	0.762499988079071	10.408535	2.394253	-2.0845935	10960000
275	0.7625000476837158	10.353776	2.3460882	-2.0964675	11000000
276	0.8500000238418579	10.336109	2.3781896	-2.0804641	11040000
277	0.7875000238418579	10.361518	2.3346903	-2.071004	11080000
278	0.887499988079071	10.341169	2.3302572	-2.0666587	11120000
279	0.7000000476837158	10.314062	2.3694117	-2.1014009	11160000
280	0.6875	10.298172	2.3545182	-2.087575	11200000
281	0.75	10.234561	2.3475196	-2.10256	11240000
282	0.737500011920929	10.250854	2.4051695	-2.0969648	11280000
283	0.7250000238418579	10.237568	2.3585577	-2.0890303	11320000
284	0.8374999761581421	10.210384	2.3661602	-2.0975485	11360000
285	0.75	10.176134	2.3008273	-2.1043415	11400000
286	0.75	10.193453	2.2979698	-2.093714	11440000
287	0.7749999761581421	10.194053	2.3533535	-2.0924356	11480000
288	0.699999988079071	10.14851	2.3594708	-2.0849888	11520000
289	0.7250000238418579	10.217732	2.3758128	-2.0917022	11560000
290	0.75	10.218018	2.36694	-2.0987523	11600000
291	0.7749999761581421	10.282074	2.4113276	-2.0983808	11640000
292	0.8125	10.232126	2.3984451	-2.0808604	11680000
293	0.6000000238418579	10.20267	2.350766	-2.119244	11720000
294	0.6875	10.2758045	2.3478003	-2.121834	11760000
295	0.6375000476837158	10.226041	2.3484778	-2.1084354	11800000
296	0.6875	10.211481	2.3558397	-2.0983672	11840000
297	0.75	10.168006	2.3624399	-2.1029084	11880000
298	0.7250000238418579	10.161742	2.3476021	-2.1201875	11920000
299	0.6625000238418579	10.208051	2.368127	-2.0998957	11960000
300	0.6124999523162842	10.167272	2.3202646	-2.0861495	12000000
