Epoch	SuccessRate	AverageLossPi	AverageLossQ	TotalEnvInteracts
1	0.012500000186264515	0.45502642	0.0058036596	40000
2	0.0	0.91724336	0.0038942625	80000
3	0.012500000186264515	1.3819393	0.0049731103	120000
4	0.0	1.8189529	0.008003606	160000
5	0.0	2.2290807	0.010893902	200000
6	0.012500000186264515	2.6388261	0.016809223	240000
7	0.0	3.0616057	0.025314061	280000
8	0.012500000186264515	3.4648473	0.036116704	320000
9	0.02500000037252903	3.901813	0.052896056	360000
10	0.05000000074505806	4.331719	0.0749921	400000
11	0.13750000298023224	4.7976084	0.09187279	440000
12	0.10000000149011612	5.179104	0.10089672	480000
13	0.10000000149011612	5.479753	0.10864622	520000
14	0.11250000447034836	5.6809707	0.11570357	560000
15	0.15000000596046448	5.833115	0.117097445	600000
16	0.13750000298023224	5.986585	0.13059278	640000
17	0.23750001192092896	6.188578	0.15225612	680000
18	0.22499999403953552	6.416751	0.17765987	720000
19	0.30000001192092896	6.672426	0.2029111	760000
20	0.3500000238418579	6.8637123	0.2328343	800000
21	0.36250001192092896	7.111748	0.2517904	840000
22	0.44999998807907104	7.2915015	0.26618236	880000
23	0.4125000238418579	7.443246	0.2917038	920000
24	0.512499988079071	7.6120434	0.3173508	960000
25	0.42500001192092896	7.700594	0.3276352	1000000
26	0.38749998807907104	7.833229	0.34170377	1040000
27	0.5250000357627869	7.963052	0.38451722	1080000
28	0.625	8.072839	0.44158894	1120000
29	0.5375000238418579	8.141957	0.46596405	1160000
30	0.625	8.220382	0.4490985	1200000
31	0.48749998211860657	8.248032	0.45648322	1240000
32	0.6000000238418579	8.354602	0.49346983	1280000
33	0.6000000238418579	8.423947	0.5115205	1320000
34	0.5375000238418579	8.479708	0.5404951	1360000
35	0.5375000238418579	8.548768	0.5534982	1400000
36	0.48750001192092896	8.619715	0.55906945	1440000
37	0.4625000059604645	8.70557	0.58831203	1480000
38	0.4000000059604645	8.758943	0.60386306	1520000
39	0.4125000238418579	8.855577	0.60950065	1560000
40	0.5125000476837158	8.856377	0.6181078	1600000
41	0.4124999940395355	8.923567	0.6566739	1640000
42	0.550000011920929	8.976479	0.6344324	1680000
43	0.42500001192092896	9.039209	0.67290735	1720000
44	0.4749999940395355	9.064568	0.6806788	1760000
45	0.4375	9.100508	0.69957155	1800000
46	0.5249999761581421	9.133746	0.7291803	1840000
47	0.5375000238418579	9.184371	0.72055554	1880000
48	0.625	9.181067	0.73090065	1920000
49	0.4375	9.227984	0.7218748	1960000
50	0.574999988079071	9.246994	0.7658783	2000000
51	0.5125000476837158	9.230808	0.76242113	2040000
52	0.4125000238418579	9.252947	0.7630885	2080000
53	0.42500001192092896	9.276877	0.78178114	2120000
54	0.5625	9.33865	0.76967585	2160000
55	0.4625000059604645	9.364612	0.7834478	2200000
56	0.512499988079071	9.413511	0.8312346	2240000
57	0.5249999761581421	9.433476	0.8378716	2280000
58	0.550000011920929	9.461769	0.85017836	2320000
59	0.5499999523162842	9.489321	0.815289	2360000
60	0.6749999523162842	9.561646	0.8317179	2400000
61	0.612500011920929	9.647955	0.83945113	2440000
62	0.675000011920929	9.721978	0.82491034	2480000
63	0.550000011920929	9.776235	0.8284618	2520000
64	0.7250000238418579	9.876652	0.86113405	2560000
65	0.6875	9.972574	0.82299507	2600000
66	0.7000000476837158	10.014764	0.8688871	2640000
67	0.6499999761581421	10.063762	0.8606157	2680000
68	0.625	10.138601	0.88915306	2720000
69	0.5874999761581421	10.227975	0.8943579	2760000
70	0.625	10.330199	0.92389196	2800000
71	0.5625	10.356951	0.93655944	2840000
72	0.5874999761581421	10.395353	0.94741815	2880000
73	0.6875	10.523375	0.99258274	2920000
74	0.6875	10.472037	1.0029564	2960000
75	0.612500011920929	10.541775	1.0268413	3000000
76	0.625	10.5915785	1.0105325	3040000
77	0.6500000357627869	10.644617	1.0235118	3080000
78	0.7249999642372131	10.663373	1.0622238	3120000
79	0.6499999761581421	10.687585	1.060198	3160000
80	0.637499988079071	10.723809	1.0456343	3200000
81	0.5875000357627869	10.677067	1.0744226	3240000
82	0.6375000476837158	10.608528	1.0254123	3280000
83	0.6624999642372131	10.5440035	1.0697341	3320000
84	0.625	10.493111	1.0177728	3360000
85	0.6749999523162842	10.44641	1.0311701	3400000
86	0.6875	10.401493	1.0118972	3440000
87	0.625	10.4569435	1.0238202	3480000
88	0.625	10.504687	1.0001107	3520000
89	0.6375000476837158	10.473807	1.0151688	3560000
90	0.625	10.453278	1.0169291	3600000
91	0.625	10.467494	1.0391638	3640000
92	0.6624999642372131	10.52776	1.023238	3680000
93	0.625	10.585799	1.0354705	3720000
94	0.612500011920929	10.600424	1.0251487	3760000
95	0.7000000476837158	10.64818	1.079772	3800000
96	0.625	10.73402	1.0684782	3840000
97	0.675000011920929	10.787414	1.1066025	3880000
98	0.625	10.853103	1.0913533	3920000
99	0.675000011920929	10.903331	1.0916721	3960000
100	0.7124999761581421	10.906678	1.0948297	4000000
101	0.6749999523162842	10.938428	1.162607	4040000
102	0.6124999523162842	10.923273	1.1665232	4080000
103	0.7124999761581421	10.930711	1.2109603	4120000
104	0.7250000238418579	10.905289	1.1847715	4160000
105	0.6624999642372131	10.906367	1.1926653	4200000
106	0.5375000238418579	10.891294	1.2581155	4240000
107	0.6000000238418579	10.946506	1.2691873	4280000
108	0.6875	10.955418	1.190706	4320000
109	0.7374999523162842	10.920525	1.2436428	4360000
110	0.75	10.888801	1.1886773	4400000
111	0.6625000238418579	10.892651	1.2585123	4440000
112	0.6875	10.846908	1.2500834	4480000
113	0.6875	10.847624	1.219698	4520000
114	0.75	10.855148	1.2545305	4560000
115	0.6625000238418579	10.892444	1.2064165	4600000
116	0.7124999761581421	10.912836	1.214655	4640000
117	0.7124999761581421	10.915013	1.230905	4680000
118	0.6875	10.899269	1.295826	4720000
119	0.7000000476837158	10.867943	1.2377865	4760000
120	0.7250000238418579	10.920023	1.2348814	4800000
121	0.6625000238418579	10.989738	1.2449353	4840000
122	0.6625000238418579	10.981664	1.273115	4880000
123	0.512499988079071	10.981549	1.2917725	4920000
124	0.6625000238418579	11.0165415	1.2846673	4960000
125	0.637499988079071	11.098414	1.2800496	5000000
126	0.7000000476837158	11.138674	1.3133415	5040000
127	0.675000011920929	11.094594	1.3049264	5080000
128	0.612500011920929	11.136607	1.288979	5120000
129	0.699999988079071	11.180513	1.2440798	5160000
130	0.7000000476837158	11.219207	1.2914059	5200000
131	0.612500011920929	11.296967	1.2889816	5240000
132	0.6499999761581421	11.320621	1.2763274	5280000
133	0.7000000476837158	11.384514	1.2584214	5320000
134	0.5625	11.433577	1.2642988	5360000
135	0.737500011920929	11.500645	1.3784645	5400000
136	0.737500011920929	11.494056	1.3326347	5440000
137	0.75	11.638385	1.2643926	5480000
138	0.7124999761581421	11.638492	1.2977867	5520000
139	0.7000000476837158	11.725299	1.3021506	5560000
140	0.7749999761581421	11.776129	1.2727649	5600000
141	0.7000000476837158	11.825199	1.2889178	5640000
142	0.6625000238418579	11.93167	1.3211596	5680000
143	0.7124999761581421	11.955387	1.2967932	5720000
144	0.7249999642372131	11.934088	1.2892888	5760000
145	0.6625000238418579	11.90408	1.2974937	5800000
146	0.699999988079071	11.862873	1.2680396	5840000
147	0.824999988079071	11.813719	1.2420624	5880000
148	0.7250000238418579	11.688723	1.2730296	5920000
149	0.6000000238418579	11.563919	1.2155437	5960000
150	0.6875	11.512418	1.2600564	6000000
151	0.6499999761581421	11.413928	1.1670386	6040000
152	0.637499988079071	11.309049	1.1562617	6080000
153	0.5	11.3020525	1.2111264	6120000
154	0.6624999642372131	11.310821	1.1814659	6160000
155	0.762499988079071	11.364964	1.0986211	6200000
156	0.7749999761581421	11.378873	1.0240052	6240000
157	0.6499999761581421	11.397894	1.0425289	6280000
158	0.675000011920929	11.38202	1.0635043	6320000
159	0.637499988079071	11.340957	1.0271128	6360000
160	0.5625	11.324539	1.0069244	6400000
161	0.625	11.27385	1.0163656	6440000
162	0.8125	11.238916	0.9810177	6480000
163	0.675000011920929	11.251918	0.9892543	6520000
164	0.75	11.214097	0.96155834	6560000
165	0.6875	11.171748	1.023762	6600000
166	0.675000011920929	11.22607	0.99410784	6640000
167	0.8375000357627869	11.223102	1.0366262	6680000
168	0.612500011920929	11.227646	0.9838881	6720000
169	0.7749999761581421	11.161544	1.0469788	6760000
170	0.75	11.144703	1.0314333	6800000
171	0.6875	11.058594	1.0346235	6840000
172	0.7999999523162842	11.064222	1.0219188	6880000
173	0.800000011920929	11.054973	0.9914325	6920000
174	0.6000000238418579	11.061701	1.0674201	6960000
175	0.6499999761581421	11.030246	1.0258521	7000000
176	0.75	11.048543	1.0105739	7040000
177	0.6625000238418579	11.051213	0.98826444	7080000
178	0.5499999523162842	11.048573	0.9969762	7120000
179	0.7124999761581421	11.103164	1.0106046	7160000
180	0.5874999761581421	11.117251	0.99694395	7200000
181	0.5250000357627869	11.142928	1.0279393	7240000
182	0.7125000357627869	11.220375	1.0333984	7280000
183	0.637499988079071	11.251435	1.0141579	7320000
184	0.6000000238418579	11.324681	1.0376662	7360000
185	0.6499999761581421	11.3079195	1.0227977	7400000
186	0.625	11.311298	0.99579966	7440000
187	0.5499999523162842	11.315549	0.9794749	7480000
188	0.625	11.261091	1.0224284	7520000
189	0.7250000238418579	11.270452	1.0224981	7560000
190	0.6124999523162842	11.274793	0.9855093	7600000
191	0.5	11.285818	0.98654824	7640000
192	0.7374999523162842	11.300914	1.0196085	7680000
193	0.7749999761581421	11.304931	0.9759832	7720000
194	0.6000000238418579	11.317066	0.97830003	7760000
195	0.6875	11.338326	1.0006721	7800000
196	0.7125000357627869	11.303305	1.0426872	7840000
197	0.7250000238418579	11.326426	1.0218579	7880000
198	0.7749999761581421	11.377995	1.0747951	7920000
199	0.7374999523162842	11.407911	1.0735767	7960000
200	0.6499999761581421	11.449823	1.0096719	8000000
201	0.7250000238418579	11.531607	1.0773393	8040000
202	0.7875000238418579	11.52039	1.0415546	8080000
203	0.6749999523162842	11.578848	1.0781459	8120000
204	0.800000011920929	11.611634	1.0835866	8160000
205	0.5625	11.706285	1.10444	8200000
206	0.737500011920929	11.719208	1.1144111	8240000
207	0.6624999642372131	11.746535	1.101687	8280000
208	0.824999988079071	11.778279	1.0964475	8320000
209	0.612500011920929	11.79667	1.1243477	8360000
210	0.7625000476837158	11.842898	1.1318	8400000
211	0.737500011920929	11.8547125	1.1357073	8440000
212	0.675000011920929	11.874309	1.1229581	8480000
213	0.7875000238418579	12.017824	1.121607	8520000
214	0.7124999761581421	12.020584	1.1101118	8560000
215	0.7749999761581421	12.063355	1.1338981	8600000
216	0.762499988079071	12.115537	1.1486057	8640000
217	0.6749999523162842	12.154542	1.1234468	8680000
218	0.7374999523162842	12.169459	1.1478945	8720000
219	0.699999988079071	12.192176	1.1473584	8760000
220	0.7250000238418579	12.033475	1.126552	8800000
221	0.7124999761581421	11.825261	1.1770281	8840000
222	0.7000000476837158	11.621286	1.1354454	8880000
223	0.7875000238418579	11.462022	1.1644065	8920000
224	0.800000011920929	11.44011	1.1322569	8960000
225	0.7875000238418579	11.349151	1.1325364	9000000
226	0.7000000476837158	11.294251	1.0972533	9040000
227	0.75	11.232096	1.1385686	9080000
228	0.625	11.185691	1.1321374	9120000
229	0.5625	11.155834	1.1305813	9160000
230	0.675000011920929	11.135109	1.1650801	9200000
231	0.75	11.025834	1.107855	9240000
232	0.6875	10.982279	1.0588291	9280000
233	0.6749999523162842	10.852979	1.0763402	9320000
234	0.625	10.741705	1.0718125	9360000
235	0.6749999523162842	10.607377	1.044415	9400000
236	0.6625000238418579	10.4866905	0.99586934	9440000
237	0.48750001192092896	10.358115	1.0666295	9480000
238	0.637499988079071	10.2528715	1.0659475	9520000
239	0.5125000476837158	10.213858	1.0011048	9560000
240	0.637499988079071	10.21707	1.0101457	9600000
241	0.637499988079071	10.21847	1.0099024	9640000
242	0.5125000476837158	10.300365	1.0444366	9680000
243	0.6875	10.375115	0.99338686	9720000
244	0.675000011920929	10.4586735	1.0157357	9760000
245	0.8125	10.604936	1.0017426	9800000
246	0.637499988079071	10.743129	1.0057766	9840000
247	0.6124999523162842	10.90553	1.0174235	9880000
248	0.7250000238418579	11.100216	1.0372608	9920000
249	0.7625000476837158	11.267903	1.0396831	9960000
250	0.7124999761581421	11.437513	1.0790296	10000000
251	0.8500000238418579	11.56273	1.1300755	10040000
252	0.6875	11.701838	1.0881836	10080000
253	0.7250000238418579	11.862873	1.1210898	10120000
254	0.7750000357627869	11.977429	1.0959065	10160000
255	0.7124999761581421	11.989115	1.1118267	10200000
256	0.625	12.124142	1.1258144	10240000
257	0.7749999761581421	12.193994	1.1029125	10280000
258	0.7749999761581421	12.267334	1.1256355	10320000
259	0.7750000357627869	12.326791	1.1621127	10360000
260	0.75	12.382104	1.1358904	10400000
261	0.7875000238418579	12.460867	1.15287	10440000
262	0.7875000238418579	12.550428	1.1167381	10480000
263	0.6875	12.5458555	1.1548694	10520000
264	0.7124999761581421	12.54448	1.1518317	10560000
265	0.7124999761581421	12.526493	1.1496038	10600000
266	0.7749999761581421	12.52627	1.1067393	10640000
267	0.762499988079071	12.519913	1.1430138	10680000
268	0.75	12.513277	1.0812241	10720000
269	0.6500000357627869	12.513506	1.0694752	10760000
270	0.625	12.514816	1.0749748	10800000
271	0.625	12.523514	0.99543977	10840000
272	0.699999988079071	12.472023	0.98432606	10880000
273	0.8000000715255737	12.410903	1.0143301	10920000
274	0.7999999523162842	12.3296995	1.0346992	10960000
275	0.8125	12.191694	1.0083094	11000000
276	0.699999988079071	12.002682	0.9887896	11040000
277	0.7124999761581421	11.798092	0.9576762	11080000
278	0.625	11.492414	0.96197003	11120000
279	0.5750000476837158	11.251057	0.9518336	11160000
280	0.6375000476837158	11.013495	0.9381801	11200000
281	0.5874999761581421	10.899166	0.9318059	11240000
282	0.5	10.782511	0.90294766	11280000
283	0.5	10.74165	0.8663759	11320000
284	0.6499999761581421	10.616656	0.8773453	11360000
285	0.6499999761581421	10.621401	0.88102895	11400000
286	0.7249999642372131	10.546897	0.9052411	11440000
287	0.6499999761581421	10.568933	0.855368	11480000
288	0.625	10.537003	0.8432196	11520000
289	0.737500011920929	10.527359	0.8940148	11560000
290	0.6375000476837158	10.462262	0.9367861	11600000
291	0.550000011920929	10.4554205	0.95145404	11640000
292	0.48750001192092896	10.540779	0.9746415	11680000
293	0.5	10.537117	0.9754568	11720000
294	0.45000001788139343	10.555257	0.9547476	11760000
295	0.5375000238418579	10.599244	0.9299037	11800000
296	0.48749998211860657	10.61923	0.9892089	11840000
297	0.4749999940395355	10.685059	0.99988776	11880000
298	0.512499988079071	10.643137	1.0267956	11920000
299	0.3999999761581421	10.725779	0.966696	11960000
300	0.4750000238418579	10.815953	0.97945285	12000000
