Epoch	SuccessRate	AverageLossPi	AverageLossQ	AverageEntropy	Averagealpha	TotalEnvInteracts
1	0.0	1.3843787	0.13962178	2.6388183	0.00482149	160000
2	0.0	2.260988	0.14172024	-8.741697	0.0019299331	320000
3	0.0	3.036936	0.22089176	-10.411217	0.002129915	480000
4	0.0062500000931322575	3.705504	0.30825496	-10.140609	0.0027208296	640000
5	0.0062500000931322575	4.2967954	0.37245488	-10.086105	0.0031452808	800000
6	0.0	4.8370895	0.4136257	-10.033325	0.0034682867	960000
7	0.0	5.281514	0.44969583	-10.01634	0.0037420783	1120000
8	0.0062500000931322575	5.7148595	0.48688996	-9.919952	0.0035070723	1280000
9	0.0062500000931322575	6.1007414	0.51537544	-9.898962	0.0029612088	1440000
10	0.0	6.437299	0.5518294	-9.958808	0.0025526162	1600000
11	0.0062500000931322575	6.8464756	0.5905163	-9.940393	0.0024060726	1760000
12	0.0	7.187777	0.643997	-10.021172	0.002329653	1920000
13	0.0062500000931322575	7.4947476	0.6673949	-9.92814	0.002173077	2080000
14	0.0062500000931322575	7.8042655	0.7053443	-9.972439	0.0019094018	2240000
15	0.0062500000931322575	8.122757	0.73356557	-9.994851	0.00187025	2400000
16	0.0	8.3706875	0.76741886	-10.010623	0.0018904922	2560000
17	0.0062500000931322575	8.649018	0.8013504	-9.95998	0.0018692171	2720000
18	0.0062500000931322575	8.884457	0.83563906	-10.104757	0.0019528843	2880000
19	0.012500000186264515	9.205784	0.85764873	-10.074531	0.0023549225	3040000
20	0.012500000186264515	9.426099	0.8988523	-10.1065235	0.0028594465	3200000
21	0.02500000037252903	9.690396	0.93008566	-10.043376	0.0033667325	3360000
22	0.01875000074505806	9.917839	0.9668513	-10.053404	0.0036987567	3520000
23	0.012500000186264515	10.10152	0.9970428	-10.092205	0.0041493285	3680000
24	0.01875000074505806	10.3261795	1.0457888	-10.090818	0.004980174	3840000
25	0.012500000186264515	10.526454	1.0802989	-10.062064	0.006095577	4000000
26	0.04374999925494194	10.751564	1.096935	-10.067312	0.006755679	4160000
27	0.03125	10.961456	1.1646775	-10.099573	0.007919963	4320000
28	0.05625000223517418	11.188963	1.1947043	-10.036961	0.00906892	4480000
29	0.02500000037252903	11.373716	1.2150699	-10.066741	0.010413976	4640000
30	0.05000000074505806	11.618799	1.2683581	-10.028711	0.011462233	4800000
31	0.05000000074505806	11.786396	1.3076985	-10.025182	0.012054598	4960000
32	0.05000000074505806	11.884006	1.3302594	-9.988339	0.0121118175	5120000
33	0.05625000223517418	12.043049	1.3298037	-9.94707	0.011172821	5280000
34	0.07500000298023224	12.191131	1.3505484	-9.985075	0.0105911065	5440000
35	0.03125	12.331769	1.3883189	-9.993315	0.010380704	5600000
36	0.05000000074505806	12.452395	1.3979843	-9.962627	0.009875749	5760000
37	0.05000000074505806	12.586204	1.4170024	-9.981195	0.008986156	5920000
38	0.08124999701976776	12.647166	1.4407572	-9.965042	0.008638893	6080000
39	0.06875000149011612	12.782816	1.4632695	-10.0218935	0.008590409	6240000
40	0.11875000596046448	12.914603	1.5078776	-10.007229	0.008603438	6400000
41	0.10625000298023224	12.980824	1.5174177	-10.012766	0.0088870665	6560000
42	0.07500000298023224	13.118227	1.5532742	-10.02907	0.009178402	6720000
43	0.08750000596046448	13.2828455	1.5976279	-10.016309	0.009531786	6880000
44	0.13750000298023224	13.3446665	1.5887141	-10.038427	0.010431788	7040000
45	0.10000000149011612	13.462931	1.6397352	-9.970719	0.010644279	7200000
46	0.10625000298023224	13.586889	1.6660155	-10.046372	0.010846848	7360000
47	0.11874999850988388	13.68649	1.6838062	-10.041369	0.011793905	7520000
48	0.06875000149011612	13.763678	1.7284731	-10.048027	0.013556657	7680000
49	0.10625000298023224	13.861781	1.7290903	-10.000584	0.014395649	7840000
50	0.13124999403953552	13.927053	1.741009	-10.02952	0.01464333	8000000
51	0.15000000596046448	14.002441	1.7885233	-10.001646	0.015346383	8160000
52	0.07500000298023224	14.06625	1.8131562	-10.023314	0.015841775	8320000
53	0.06875000149011612	14.153722	1.8333493	-10.014125	0.016080352	8480000
54	0.10625000298023224	14.185431	1.7960752	-10.006562	0.01667374	8640000
55	0.09375	14.2703495	1.8150629	-9.985078	0.016233906	8800000
56	0.09375	14.333047	1.8169011	-9.991711	0.015897395	8960000
57	0.13125000894069672	14.323842	1.8602514	-9.996494	0.015569997	9120000
58	0.11250000447034836	14.388657	1.8554949	-10.009128	0.015999725	9280000
59	0.16875000298023224	14.445514	1.8488396	-10.00869	0.016472504	9440000
60	0.15000000596046448	14.481067	1.8496343	-9.984773	0.015963132	9600000
61	0.10625000298023224	14.534631	1.8464621	-9.963017	0.015192478	9760000
62	0.11875000596046448	14.546872	1.8467878	-9.979076	0.014538899	9920000
63	0.13750000298023224	14.6139965	1.8172312	-9.997154	0.013715376	10080000
64	0.07500000298023224	14.619123	1.8548921	-9.965956	0.012702936	10240000
65	0.18125000596046448	14.690138	1.8510134	-10.007754	0.012393547	10400000
66	0.11249999701976776	14.753828	1.8415791	-9.984191	0.01274145	10560000
67	0.13124999403953552	14.778863	1.83591	-9.999131	0.012686108	10720000
68	0.125	14.867361	1.8397231	-9.986969	0.012105511	10880000
69	0.11249999701976776	14.890372	1.8241655	-9.979879	0.011651176	11040000
70	0.16875000298023224	14.9506445	1.8542756	-9.978371	0.011374868	11200000
71	0.15625	14.989432	1.8324468	-9.971083	0.0104500055	11360000
72	0.15000000596046448	15.095451	1.8683988	-10.007008	0.010121072	11520000
73	0.18125000596046448	15.147435	1.8556876	-9.984913	0.010223173	11680000
74	0.14375001192092896	15.221035	1.8411846	-9.981969	0.009546142	11840000
75	0.20625001192092896	15.2461195	1.8671558	-9.995934	0.009281978	12000000
76	0.14375001192092896	15.287227	1.8688399	-10.015697	0.009681717	12160000
77	0.08749999850988388	15.334304	1.8280416	-9.98977	0.009560519	12320000
78	0.19375000894069672	15.372568	1.8357476	-10.00435	0.009405483	12480000
79	0.15000000596046448	15.370513	1.8553602	-9.987988	0.0094330665	12640000
80	0.10625000298023224	15.467969	1.8278736	-10.015625	0.009505341	12800000
81	0.16249999403953552	15.489291	1.8718301	-9.997166	0.009447001	12960000
82	0.11875000596046448	15.590713	1.8651673	-9.975923	0.0093836775	13120000
83	0.14375001192092896	15.606978	1.869935	-10.026557	0.009435949	13280000
84	0.16875000298023224	15.643252	1.879594	-9.980663	0.00963461	13440000
85	0.15000000596046448	15.675438	1.8863887	-9.998452	0.009148677	13600000
86	0.15000000596046448	15.72184	1.859292	-9.969957	0.00897528	13760000
87	0.15625	15.773989	1.8709888	-10.026045	0.008874649	13920000
88	0.16874998807907104	15.785803	1.8737341	-9.9677305	0.008768953	14080000
89	0.18125000596046448	15.818318	1.9175429	-10.001879	0.00826597	14240000
90	0.14375001192092896	15.912175	1.8695582	-10.001279	0.0084013445	14400000
91	0.19374999403953552	15.968443	1.8649672	-9.999698	0.008519901	14560000
92	0.17499999701976776	15.946801	1.9113756	-9.995914	0.008482684	14720000
93	0.1875	15.962454	1.8742363	-10.016069	0.008562575	14880000
94	0.17499999701976776	16.01816	1.8856719	-10.005578	0.00881538	15040000
95	0.19375000894069672	16.109846	1.8926133	-10.021978	0.009220639	15200000
96	0.13750000298023224	16.133848	1.9014944	-10.014127	0.0094862785	15360000
97	0.18125000596046448	16.163975	1.9112281	-9.989112	0.009761781	15520000
98	0.15625	16.190998	1.900775	-10.038315	0.009897797	15680000
99	0.21875	16.22989	1.8981225	-10.003881	0.010356403	15840000
100	0.125	16.307274	1.9217229	-9.9958315	0.010449661	16000000
101	0.2562500238418579	16.302412	1.9255475	-10.009399	0.0102878865	16160000
102	0.2562499940395355	16.362984	1.9189283	-9.996585	0.010588919	16320000
103	0.21875	16.406542	1.9163451	-10.008552	0.010570725	16480000
104	0.21875	16.461948	1.9160696	-9.96595	0.010457447	16640000
105	0.25	16.450277	1.9101578	-10.007625	0.010081249	16800000
106	0.21250000596046448	16.504267	1.9132283	-9.962536	0.0097739445	16960000
107	0.1875	16.531906	1.8914548	-9.982643	0.009070124	17120000
108	0.15000000596046448	16.558617	1.8631178	-9.94715	0.0081305	17280000
109	0.16875000298023224	16.531654	1.8743457	-9.960824	0.007129209	17440000
110	0.1875	16.57431	1.8437974	-9.988614	0.0068640336	17600000
111	0.19375000894069672	16.614943	1.8734039	-9.995334	0.006657486	17760000
112	0.15625	16.635098	1.8571559	-9.980295	0.006436282	17920000
113	0.23750001192092896	16.609882	1.8539048	-9.987389	0.0063053155	18080000
114	0.20624999701976776	16.651957	1.8625015	-10.005028	0.005975948	18240000
115	0.20624999701976776	16.709951	1.8427776	-9.977235	0.0060022343	18400000
116	0.16875000298023224	16.70396	1.8251714	-9.986074	0.0056749573	18560000
117	0.23750001192092896	16.7257	1.8513789	-9.995954	0.0054995306	18720000
118	0.17500001192092896	16.789167	1.8507798	-9.983131	0.0053133518	18880000
119	0.30000001192092896	16.855032	1.8712798	-10.038424	0.005697335	19040000
120	0.1875	16.891594	1.8742754	-10.015082	0.005959842	19200000
121	0.22500000894069672	16.95528	1.8312842	-10.03098	0.006485653	19360000
122	0.15625	16.991573	1.8374436	-10.006777	0.006664853	19520000
123	0.20625001192092896	17.025305	1.8338946	-10.034756	0.0068972167	19680000
124	0.2562499940395355	17.068802	1.8160337	-10.041361	0.007687179	19840000
125	0.19375000894069672	17.073372	1.8621817	-10.015787	0.008453242	20000000
126	0.1875	17.114992	1.851888	-10.002318	0.008725078	20160000
127	0.20625001192092896	17.148584	1.8292717	-9.990167	0.008367758	20320000
128	0.20624999701976776	17.178188	1.8217711	-9.969467	0.008234775	20480000
129	0.21250000596046448	17.15889	1.8631475	-10.013132	0.007866512	20640000
130	0.22500000894069672	17.194489	1.8467449	-9.982627	0.007759775	20800000
131	0.2187500149011612	17.212008	1.8248813	-9.981318	0.0074688313	20960000
132	0.20000000298023224	17.22593	1.8258208	-9.973888	0.0071875076	21120000
133	0.21250000596046448	17.234655	1.8510202	-10.004535	0.006981571	21280000
134	0.20000000298023224	17.321041	1.8186885	-9.982858	0.006684881	21440000
135	0.2562499940395355	17.346594	1.8330479	-10.009314	0.0068268105	21600000
136	0.34375	17.395275	1.8249213	-10.00041	0.006867667	21760000
137	0.25	17.460619	1.8539202	-10.001608	0.00685429	21920000
138	0.13124999403953552	17.542894	1.8228047	-10.026118	0.007043834	22080000
139	0.23124998807907104	17.558601	1.8373562	-9.989223	0.0071260408	22240000
140	0.1875	17.589317	1.8489364	-10.0341215	0.0075650336	22400000
141	0.28125	17.605227	1.826053	-9.981481	0.0074272812	22560000
142	0.23125000298023224	17.6611	1.8079735	-9.994143	0.0075629246	22720000
143	0.24375000596046448	17.69696	1.8444551	-10.021049	0.007390591	22880000
144	0.21250000596046448	17.662216	1.8221172	-9.997999	0.007656716	23040000
145	0.22500000894069672	17.716702	1.828775	-9.99799	0.0077095367	23200000
146	0.22500000894069672	17.794218	1.8045305	-9.979379	0.007438901	23360000
147	0.26249998807907104	17.803354	1.8003833	-9.991254	0.0070348918	23520000
148	0.18125000596046448	17.841469	1.8070469	-9.998019	0.0068881684	23680000
149	0.26249998807907104	17.919224	1.7831094	-10.009224	0.0071498156	23840000
150	0.18125000596046448	17.921242	1.8273536	-10.0269375	0.0072868015	24000000
151	0.26875001192092896	17.936903	1.809202	-9.976	0.007379922	24160000
152	0.25	17.919273	1.7969723	-10.017982	0.0074508744	24320000
153	0.28125	18.005964	1.7983547	-9.992678	0.007475107	24480000
154	0.2750000059604645	17.992382	1.8161587	-9.977032	0.007199095	24640000
155	0.25	17.987043	1.8335415	-10.003107	0.007055016	24800000
156	0.20000000298023224	18.062046	1.7992407	-10.002715	0.0069630067	24960000
157	0.28125	18.067686	1.8228348	-9.965782	0.006926451	25120000
158	0.21875	18.070843	1.7860373	-9.985461	0.006273251	25280000
159	0.26249998807907104	18.077312	1.7678856	-9.968494	0.005955536	25440000
160	0.29374998807907104	18.144844	1.7851806	-9.968266	0.0053992155	25600000
161	0.23124998807907104	18.1649	1.8161061	-9.988793	0.005111599	25760000
162	0.24375000596046448	18.141407	1.8019099	-9.974958	0.0048221345	25920000
163	0.2874999940395355	18.186913	1.7940766	-10.005941	0.004739824	26080000
164	0.21875	18.238796	1.8026501	-9.972203	0.0046427543	26240000
165	0.3375000059604645	18.268559	1.761554	-9.974943	0.0041770726	26400000
166	0.2562499940395355	18.291588	1.8094018	-10.003375	0.0041811857	26560000
167	0.22500000894069672	18.261038	1.8235611	-9.986805	0.004090612	26720000
168	0.2562499940395355	18.302187	1.8021741	-10.011368	0.0041157682	26880000
169	0.26249998807907104	18.307747	1.8082012	-10.021553	0.0043479926	27040000
170	0.3125	18.311703	1.8066882	-9.97424	0.0043718186	27200000
171	0.28125	18.307133	1.811302	-9.9581995	0.003939243	27360000
172	0.26249998807907104	18.382015	1.7935854	-9.980276	0.0036615992	27520000
173	0.24375000596046448	18.36433	1.7882024	-9.995041	0.0034419985	27680000
174	0.28125	18.450937	1.7848212	-10.002559	0.0034163909	27840000
175	0.26874998211860657	18.457113	1.7937477	-9.99269	0.0034098797	28000000
176	0.26875001192092896	18.43973	1.7502115	-9.977824	0.0032347625	28160000
177	0.20625001192092896	18.419825	1.7911125	-9.967873	0.0030457883	28320000
178	0.3062500059604645	18.386202	1.7756909	-9.972692	0.0027918052	28480000
179	0.2875000238418579	18.43645	1.8018727	-9.9797125	0.0026153864	28640000
180	0.2562499940395355	18.458109	1.7914226	-9.983385	0.0025415034	28800000
181	0.2749999761581421	18.481207	1.7600803	-9.966664	0.002392131	28960000
182	0.2562499940395355	18.447758	1.7992922	-9.962154	0.0021230301	29120000
183	0.23124998807907104	18.48227	1.7689594	-9.963496	0.0018775747	29280000
184	0.3375000059604645	18.492292	1.7884939	-10.003104	0.0018017219	29440000
185	0.25	18.51001	1.7997402	-9.961638	0.0017545405	29600000
186	0.22500000894069672	18.524462	1.7574675	-9.931125	0.0015246161	29760000
187	0.2750000059604645	18.494444	1.7892137	-9.965495	0.0013244023	29920000
188	0.26249998807907104	18.451206	1.7634695	-9.963621	0.001176151	30080000
189	0.29374998807907104	18.535883	1.75931	-9.95085	0.001043438	30240000
190	0.30000001192092896	18.50938	1.7725477	-9.967095	0.00094270206	30400000
191	0.2874999940395355	18.48949	1.7616099	-10.003668	0.00088886736	30560000
192	0.2562500238418579	18.49555	1.7552968	-9.968541	0.00083303737	30720000
193	0.28125	18.528414	1.778252	-9.968881	0.000773756	30880000
194	0.2750000059604645	18.53773	1.7935531	-9.97809	0.0007594244	31040000
195	0.33125001192092896	18.54702	1.7889484	-9.983629	0.00071440166	31200000
196	0.33125001192092896	18.529442	1.7465107	-10.045876	0.00072990736	31360000
197	0.29375001788139343	18.510246	1.7644775	-10.003025	0.000783448	31520000
198	0.24375000596046448	18.541359	1.7909211	-9.99741	0.0007794093	31680000
199	0.2875000238418579	18.56537	1.7704724	-9.99841	0.00077410624	31840000
200	0.30000001192092896	18.551132	1.7722982	-9.988297	0.0007572099	32000000
201	0.26875001192092896	18.577324	1.7794031	-9.971981	0.0007151381	32160000
202	0.26249998807907104	18.592278	1.791451	-10.009861	0.0007175666	32320000
203	0.28125	18.605225	1.7651511	-9.98693	0.0007022281	32480000
204	0.30000001192092896	18.58557	1.773523	-9.995281	0.00066552544	32640000
205	0.23750001192092896	18.605894	1.7621143	-10.00483	0.00069148286	32800000
206	0.34375	18.600967	1.7628045	-10.026492	0.0006892745	32960000
207	0.3125	18.607536	1.774682	-10.015578	0.0007665391	33120000
208	0.30625003576278687	18.634666	1.7797959	-9.983123	0.0007655497	33280000
209	0.25	18.630402	1.7703967	-9.978799	0.0007189275	33440000
210	0.3375000059604645	18.62391	1.7785879	-9.991873	0.000708145	33600000
211	0.22499999403953552	18.647293	1.7862359	-10.016248	0.0007095917	33760000
212	0.30000001192092896	18.69909	1.7655137	-9.997078	0.00070465816	33920000
213	0.36250001192092896	18.706278	1.7545887	-9.998528	0.0007141318	34080000
214	0.26249998807907104	18.709667	1.7774596	-10.017774	0.0007284727	34240000
215	0.33125001192092896	18.686363	1.7723801	-10.025293	0.0007745935	34400000
216	0.32499998807907104	18.713058	1.7480453	-10.021448	0.00079445133	34560000
217	0.30000001192092896	18.71543	1.7781843	-10.035549	0.0009015028	34720000
218	0.32500001788139343	18.733837	1.7658553	-9.990179	0.00091011764	34880000
219	0.3687500059604645	18.713062	1.7738447	-10.007298	0.0009407516	35040000
220	0.3187500238418579	18.718906	1.8043187	-9.992896	0.0009322602	35200000
221	0.2874999940395355	18.69203	1.7686543	-9.986865	0.0008773027	35360000
222	0.29375001788139343	18.663776	1.7742748	-9.979841	0.00085377705	35520000
223	0.3125	18.668941	1.7567055	-9.989961	0.0008156744	35680000
224	0.2875000238418579	18.648344	1.7584513	-9.963736	0.00077021215	35840000
225	0.33125001192092896	18.658884	1.7472525	-10.000078	0.00072570593	36000000
226	0.39375001192092896	18.678164	1.7473953	-9.976147	0.00069535413	36160000
227	0.3999999761581421	18.688503	1.7670677	-9.972983	0.00066699623	36320000
228	0.29375001788139343	18.681566	1.7397925	-9.952866	0.00058656355	36480000
229	0.3375000059604645	18.741854	1.7598774	-9.964221	0.0005270787	36640000
230	0.3375000059604645	18.746855	1.7421093	-9.939421	0.00046493384	36800000
231	0.3062500059604645	18.817347	1.7952558	-9.958833	0.00039252432	36960000
232	0.3687500059604645	18.772865	1.7481291	-9.9542055	0.00035220094	37120000
233	0.28125	18.837473	1.7549343	-9.9470625	0.0003174589	37280000
234	0.26875001192092896	18.848927	1.7649599	-9.973841	0.00026983977	37440000
235	0.36250001192092896	18.840038	1.7619431	-9.942737	0.0002478367	37600000
236	0.36250001192092896	18.892551	1.7336341	-9.902185	0.00019812044	37760000
237	0.26875001192092896	18.906145	1.760024	-9.926245	0.00015441095	37920000
238	0.36875003576278687	18.923946	1.7662603	-9.918602	0.00012519221	38080000
239	0.30000001192092896	18.95654	1.7566915	-9.90831	9.7200034e-05	38240000
240	0.3500000238418579	18.92908	1.741231	-9.917389	7.56654e-05	38400000
241	0.3374999761581421	18.915632	1.7390677	-9.904027	5.9122365e-05	38560000
242	0.30000001192092896	18.980894	1.770981	-9.887535	4.360647e-05	38720000
243	0.3125	18.945927	1.7590567	-9.899816	3.295409e-05	38880000
244	0.32499998807907104	18.904253	1.7472378	-9.884998	2.3551518e-05	39040000
245	0.3062500059604645	18.90543	1.7763535	-9.915232	1.8185105e-05	39200000
246	0.35625001788139343	18.896149	1.7779841	-9.887803	1.35395e-05	39360000
247	0.3374999761581421	18.897259	1.772995	-9.90179	1.0176431e-05	39520000
248	0.35624998807907104	18.920843	1.7803164	-9.874857	7.3938754e-06	39680000
249	0.3125	18.894024	1.7907604	-9.905078	5.416477e-06	39840000
250	0.2750000059604645	18.90013	1.7583369	-9.915808	4.1932767e-06	40000000
251	0.30000001192092896	18.927532	1.7693095	-9.933467	3.3872398e-06	40160000
252	0.26875001192092896	18.939367	1.7547204	-9.924477	2.7039885e-06	40320000
253	0.3125	18.91281	1.7547768	-9.9266205	2.2451238e-06	40480000
254	0.29374998807907104	18.92	1.7398099	-9.93556	1.8835851e-06	40640000
255	0.375	18.927387	1.7534065	-9.918185	1.5102383e-06	40800000
256	0.3687500059604645	18.921652	1.7555119	-9.939787	1.2437143e-06	40960000
257	0.30000001192092896	18.918518	1.768125	-9.909037	9.996681e-07	41120000
258	0.3499999940395355	18.938295	1.791833	-9.943261	8.007962e-07	41280000
259	0.3125	18.953848	1.7506518	-9.927799	6.526775e-07	41440000
260	0.36250001192092896	18.944838	1.7410928	-9.930976	5.611304e-07	41600000
261	0.2875000238418579	18.993956	1.7399615	-9.887166	4.182e-07	41760000
262	0.32499998807907104	19.06593	1.7616065	-9.933238	3.3325918e-07	41920000
263	0.3499999940395355	19.06736	1.7599643	-9.939284	2.6679564e-07	42080000
264	0.3187500238418579	19.056433	1.7645447	-9.919695	2.1908846e-07	42240000
265	0.39375001192092896	19.084938	1.7630095	-9.886731	1.6627105e-07	42400000
266	0.36250001192092896	19.141521	1.7875326	-9.952642	1.3792939e-07	42560000
267	0.3125	19.153385	1.7846268	-9.932974	1.1485003e-07	42720000
268	0.26875001192092896	19.15398	1.763239	-9.946064	9.4552455e-08	42880000
269	0.3187499940395355	19.170153	1.7549431	-9.955758	8.3394184e-08	43040000
270	0.28125	19.156712	1.785433	-9.967097	7.428928e-08	43200000
271	0.28125	19.143503	1.7548381	-9.960422	6.5498185e-08	43360000
272	0.3812500238418579	19.098454	1.7396638	-9.959156	5.882166e-08	43520000
273	0.28125	19.145922	1.766591	-9.950614	5.1160647e-08	43680000
274	0.30625003576278687	19.123098	1.7787766	-9.971598	4.669431e-08	43840000
275	0.3750000298023224	19.13049	1.7758605	-9.952476	4.1184045e-08	44000000
276	0.36875003576278687	19.118626	1.737945	-9.986486	3.740954e-08	44160000
277	0.3499999940395355	19.146536	1.7506506	-9.949387	3.4209492e-08	44320000
278	0.33125001192092896	19.189434	1.7725832	-9.944431	2.9798382e-08	44480000
279	0.2874999940395355	19.222597	1.7861432	-9.975781	2.5959965e-08	44640000
280	0.3125	19.225176	1.7607243	-9.956359	2.3936435e-08	44800000
281	0.30000001192092896	19.192335	1.7411681	-9.963848	2.1472188e-08	44960000
282	0.36250001192092896	19.207672	1.7689016	-9.930017	1.8323904e-08	45120000
283	0.29375001788139343	19.151676	1.7559822	-9.966851	1.635417e-08	45280000
284	0.3125	19.19057	1.7805437	-9.993201	1.4733364e-08	45440000
285	0.3062500059604645	19.161177	1.758604	-9.924199	1.2996633e-08	45600000
286	0.2874999940395355	19.198814	1.7515926	-9.966268	1.1229762e-08	45760000
287	0.35624998807907104	19.194391	1.7581488	-9.983316	1.0463176e-08	45920000
288	0.3062500059604645	19.161114	1.7755905	-9.948805	9.098797e-09	46080000
289	0.35624998807907104	19.15341	1.7558967	-9.988926	8.890484e-09	46240000
290	0.3125	19.134174	1.775904	-9.911508	7.6071975e-09	46400000
291	0.3187499940395355	19.176521	1.7774134	-9.944416	6.0511027e-09	46560000
292	0.3499999940395355	19.162624	1.7815754	-9.939895	5.2006035e-09	46720000
293	0.38750001788139343	19.112078	1.7847556	-9.94784	4.4501567e-09	46880000
294	0.29374998807907104	19.12387	1.7707714	-9.971678	3.7512136e-09	47040000
295	0.3500000238418579	19.11621	1.7822852	-9.940223	3.3863057e-09	47200000
296	0.3499999940395355	19.155327	1.7411406	-9.974742	3.0684544e-09	47360000
297	0.35625001788139343	19.226372	1.7401994	-9.981664	2.8432636e-09	47520000
298	0.30000001192092896	19.247663	1.7742728	-9.93986	2.5753097e-09	47680000
299	0.3125	19.238169	1.7552661	-9.981624	2.2340512e-09	47840000
300	0.3687500059604645	19.212496	1.7586685	-9.976231	2.1283053e-09	48000000
