Epoch	SuccessRate	AverageLossPi	AverageLossQ	AverageEntropy	TotalEnvInteracts
1	0.05000000074505806	-0.35284108	0.0027870925	-2.734644	80000
2	0.05000000074505806	-0.14759696	0.0029979348	-2.7340832	160000
3	0.0062500000931322575	0.05384569	0.004691283	-2.7343237	240000
4	0.02500000037252903	0.25056437	0.0077120773	-2.7305317	320000
5	0.02500000037252903	0.4476542	0.012048164	-2.7264123	400000
6	0.0625	0.6422545	0.019526703	-2.720981	480000
7	0.04374999925494194	0.8285356	0.033687547	-2.7143164	560000
8	0.11249999701976776	1.0156653	0.05688424	-2.7001483	640000
9	0.13750000298023224	1.203752	0.08801064	-2.6865666	720000
10	0.16874998807907104	1.4023362	0.1281262	-2.6677105	800000
11	0.17499999701976776	1.5618174	0.17112388	-2.6456885	880000
12	0.3125	1.7059087	0.19397481	-2.624557	960000
13	0.35625001788139343	1.8132144	0.22605799	-2.6023438	1040000
14	0.41875001788139343	1.9059627	0.2542249	-2.582027	1120000
15	0.4437499940395355	1.9811872	0.25870028	-2.561602	1200000
16	0.4375	2.0361114	0.27168316	-2.5451367	1280000
17	0.5	2.097625	0.26573998	-2.5292497	1360000
18	0.44999998807907104	2.1211812	0.26770568	-2.5145128	1440000
19	0.4625000059604645	2.1362197	0.27238652	-2.5008855	1520000
20	0.518750011920929	2.1543071	0.27222982	-2.4864259	1600000
21	0.6625000238418579	2.1751723	0.2705681	-2.474648	1680000
22	0.6625000238418579	2.1878066	0.26049325	-2.4615545	1760000
23	0.6375000476837158	2.168553	0.2603086	-2.4478378	1840000
24	0.6375000476837158	2.1690445	0.25949365	-2.4390118	1920000
25	0.6812499761581421	2.147185	0.25810426	-2.425878	2000000
26	0.75	2.1697524	0.25561428	-2.4100366	2080000
27	0.7374999523162842	2.1416993	0.25949004	-2.3941436	2160000
28	0.6687500476837158	2.1392972	0.26555207	-2.373405	2240000
29	0.7437500357627869	2.1031919	0.27152878	-2.3590777	2320000
30	0.71875	2.084023	0.28033832	-2.3431845	2400000
31	0.7749999761581421	2.077376	0.2864409	-2.3288844	2480000
32	0.75	2.0684083	0.29935744	-2.316582	2560000
33	0.7437499761581421	2.039133	0.2917876	-2.3000333	2640000
34	0.8062499761581421	2.0122402	0.29260966	-2.2842314	2720000
35	0.8062499761581421	1.9754634	0.29782745	-2.2728038	2800000
36	0.7937500476837158	1.9405098	0.29637325	-2.26065	2880000
37	0.793749988079071	1.9282571	0.3297469	-2.2491283	2960000
38	0.8500000238418579	1.9118999	0.32363728	-2.226913	3040000
39	0.8374999761581421	1.8874904	0.3191386	-2.212678	3120000
40	0.8062500357627869	1.848006	0.34270328	-2.1966817	3200000
41	0.8937499523162842	1.8298037	0.34209153	-2.183395	3280000
42	0.875	1.7929324	0.3422965	-2.1670494	3360000
43	0.9312499761581421	1.7640586	0.3629966	-2.1561182	3440000
44	0.8687499761581421	1.7165309	0.38097632	-2.1396265	3520000
45	0.9312499761581421	1.6713823	0.35276642	-2.1320717	3600000
46	0.8937499523162842	1.6450347	0.362539	-2.1215944	3680000
47	0.9124999642372131	1.6316721	0.36885303	-2.113297	3760000
48	0.8624999523162842	1.6124549	0.37111276	-2.1029053	3840000
49	0.8687499761581421	1.6010659	0.4078837	-2.095809	3920000
50	0.918749988079071	1.578229	0.37393296	-2.0878522	4000000
51	0.949999988079071	1.563488	0.38175306	-2.0802963	4080000
52	0.949999988079071	1.5568882	0.38484284	-2.0724432	4160000
53	0.893750011920929	1.5613323	0.41020373	-2.0643458	4240000
54	0.9375	1.5545452	0.37780237	-2.060079	4320000
55	0.8812500238418579	1.554386	0.3882564	-2.0512471	4400000
56	0.9624999761581421	1.5476031	0.417199	-2.0428257	4480000
57	0.918749988079071	1.5508671	0.4067938	-2.0327158	4560000
58	0.8874999284744263	1.5501716	0.38141894	-2.027852	4640000
59	0.9312499761581421	1.5604794	0.389083	-2.019185	4720000
60	0.9249999523162842	1.5528235	0.40282416	-2.0106013	4800000
61	0.9312499761581421	1.5541124	0.43607867	-2.005189	4880000
62	0.856249988079071	1.541903	0.41500062	-2.0002007	4960000
63	0.8687499761581421	1.535522	0.40640545	-1.9922397	5040000
64	0.893750011920929	1.538967	0.4169917	-1.9885463	5120000
65	0.8937499523162842	1.5453957	0.42531922	-1.9787409	5200000
66	0.9249999523162842	1.5379636	0.42497662	-1.9784663	5280000
67	0.887499988079071	1.5452516	0.41655332	-1.9730219	5360000
68	0.9249999523162842	1.5379194	0.41141757	-1.9664125	5440000
69	0.8874999284744263	1.5373886	0.4123386	-1.9654006	5520000
70	0.90625	1.5446929	0.42105576	-1.9546517	5600000
71	0.8937499523162842	1.5416267	0.4138062	-1.9502926	5680000
72	0.8999999761581421	1.5464481	0.43637013	-1.9407611	5760000
73	0.887499988079071	1.5453029	0.43296474	-1.93796	5840000
74	0.8812500238418579	1.5548142	0.41619313	-1.9373726	5920000
75	0.9375	1.5364165	0.42035124	-1.9309558	6000000
76	0.8937499523162842	1.5549154	0.4313525	-1.930647	6080000
77	0.918749988079071	1.5445185	0.43175548	-1.9267226	6160000
78	0.9437500238418579	1.5357556	0.43025848	-1.9184424	6240000
79	0.9437500238418579	1.5387939	0.44328174	-1.9153775	6320000
80	0.90625	1.5392941	0.43362552	-1.9104942	6400000
81	0.9375	1.5396496	0.44557166	-1.9108493	6480000
82	0.9312499761581421	1.5395167	0.457608	-1.9111422	6560000
83	0.949999988079071	1.5426757	0.45979455	-1.9038894	6640000
84	0.9375	1.5341567	0.45152405	-1.9010984	6720000
85	0.9187499284744263	1.540425	0.43538037	-1.8986199	6800000
86	0.8999999761581421	1.5338929	0.4323624	-1.8972056	6880000
87	0.90625	1.5382969	0.46010762	-1.8892245	6960000
88	0.8875000476837158	1.5460304	0.47790924	-1.8821965	7040000
89	0.9437499642372131	1.5252495	0.4561485	-1.8828186	7120000
90	0.8999999761581421	1.5295156	0.44151917	-1.8809288	7200000
91	0.8999999761581421	1.5334061	0.4568501	-1.8786818	7280000
92	0.8812500238418579	1.5209717	0.4688311	-1.8801645	7360000
93	0.9437500238418579	1.523574	0.46227276	-1.8755991	7440000
94	0.9375	1.5238787	0.4287608	-1.8734907	7520000
95	0.9000000357627869	1.5334712	0.46578854	-1.8637671	7600000
96	0.9500000476837158	1.5253799	0.46911448	-1.8639233	7680000
97	0.9125000238418579	1.5386782	0.48328567	-1.8592165	7760000
98	0.9187499284744263	1.5340801	0.48116517	-1.8581082	7840000
99	0.918749988079071	1.5228013	0.4606241	-1.8571501	7920000
100	0.9312499761581421	1.52564	0.49388525	-1.8580588	8000000
101	0.9500000476837158	1.5289094	0.49418646	-1.8495	8080000
102	0.9375	1.5261921	0.46768427	-1.8525286	8160000
103	0.949999988079071	1.5127808	0.50623435	-1.8514392	8240000
104	0.9312499761581421	1.5255482	0.4507612	-1.8487588	8320000
105	0.9124999642372131	1.520302	0.46234253	-1.8479193	8400000
106	0.9375	1.5220623	0.44507942	-1.8473326	8480000
107	0.918749988079071	1.5237235	0.46649623	-1.8389564	8560000
108	0.9124999642372131	1.5168548	0.4699899	-1.8421345	8640000
109	0.9125000238418579	1.5286369	0.4823223	-1.8305666	8720000
110	0.9625000357627869	1.5173349	0.45870212	-1.835363	8800000
111	0.9312499761581421	1.5243515	0.45161706	-1.8337703	8880000
112	0.9312499761581421	1.5216295	0.46398023	-1.8305715	8960000
113	0.8999999761581421	1.5164807	0.47785035	-1.8356698	9040000
114	0.9562499523162842	1.5186782	0.45783696	-1.8291016	9120000
115	0.9562499523162842	1.5179772	0.4353431	-1.8247617	9200000
116	0.949999988079071	1.518833	0.46106037	-1.8230945	9280000
117	0.9249999523162842	1.5202879	0.44145885	-1.8206074	9360000
118	0.9312499761581421	1.5231266	0.47494957	-1.8174084	9440000
119	0.9312499761581421	1.5214925	0.49423942	-1.816887	9520000
120	0.9125000238418579	1.5136743	0.47975445	-1.8127626	9600000
121	0.9375	1.5230964	0.482609	-1.8178113	9680000
122	0.90625	1.5093645	0.4790017	-1.8169045	9760000
123	0.9125000238418579	1.5121284	0.5011562	-1.8135886	9840000
124	0.9249999523162842	1.5100732	0.5021088	-1.8127792	9920000
125	0.8999999761581421	1.5054156	0.47475696	-1.8061582	10000000
126	0.9249999523162842	1.5009116	0.45019048	-1.8080598	10080000
127	0.9312499761581421	1.4997971	0.4558093	-1.7986706	10160000
128	0.9249999523162842	1.4979913	0.47343096	-1.8073577	10240000
129	0.9249999523162842	1.50577	0.4816512	-1.8013254	10320000
130	0.893750011920929	1.4941797	0.48422766	-1.806625	10400000
131	0.9187500476837158	1.5077841	0.48014942	-1.802722	10480000
132	0.9375	1.5119134	0.44994202	-1.7942137	10560000
133	0.9249999523162842	1.5087208	0.47555354	-1.7950524	10640000
134	0.9187500476837158	1.4998013	0.49894056	-1.7950087	10720000
135	0.9500000476837158	1.4921027	0.52084804	-1.7939827	10800000
136	0.8999999761581421	1.4938813	0.46588907	-1.7988749	10880000
137	0.96875	1.5010824	0.4769252	-1.7953526	10960000
138	0.9124999642372131	1.5043293	0.4804107	-1.8009396	11040000
139	0.9437499642372131	1.503623	0.5250205	-1.785704	11120000
140	0.9375	1.5011415	0.50570846	-1.7894475	11200000
141	0.918749988079071	1.4928175	0.46924555	-1.7880769	11280000
142	0.9437500238418579	1.5086379	0.5031257	-1.785718	11360000
143	0.9249999523162842	1.5018377	0.4694999	-1.7849228	11440000
144	0.9312499761581421	1.4958758	0.50230247	-1.7822611	11520000
145	0.9500000476837158	1.4883912	0.4696033	-1.7860113	11600000
146	0.9125000238418579	1.500729	0.48760656	-1.7831953	11680000
147	0.9312499761581421	1.4928377	0.49088165	-1.7855711	11760000
148	0.9375	1.4989331	0.49903187	-1.7843041	11840000
149	0.887499988079071	1.4859174	0.46886596	-1.7827642	11920000
150	0.9437500238418579	1.4997075	0.4977563	-1.7862401	12000000
151	0.9375	1.496947	0.4915001	-1.7813884	12080000
152	0.9624999761581421	1.4955144	0.49386993	-1.7736448	12160000
153	0.949999988079071	1.4875077	0.49441013	-1.77558	12240000
154	0.918749988079071	1.4912783	0.50753945	-1.7783424	12320000
155	0.9312499761581421	1.4838883	0.49716777	-1.7709339	12400000
156	0.9125000238418579	1.4822271	0.4904721	-1.778586	12480000
157	0.925000011920929	1.4884287	0.48442972	-1.7763538	12560000
158	0.9249999523162842	1.486754	0.5037525	-1.7740848	12640000
159	0.9437500238418579	1.4939029	0.46663892	-1.771219	12720000
160	0.9375	1.4876375	0.48596615	-1.7751563	12800000
161	0.956250011920929	1.4868203	0.47134864	-1.7705847	12880000
162	0.9624999761581421	1.4890159	0.502041	-1.7672964	12960000
163	0.9375	1.4750315	0.49829572	-1.7621009	13040000
164	0.9125000238418579	1.4752165	0.47656727	-1.7708118	13120000
165	0.90625	1.4884287	0.5082457	-1.7710886	13200000
166	0.918749988079071	1.4925271	0.4957493	-1.7679713	13280000
167	0.949999988079071	1.4975533	0.4786012	-1.7652336	13360000
168	0.918749988079071	1.475824	0.4438645	-1.7678231	13440000
169	0.918749988079071	1.4826542	0.4850523	-1.7674456	13520000
170	0.918749988079071	1.4824431	0.49081734	-1.7638386	13600000
171	0.9437500238418579	1.4694083	0.48587322	-1.7721403	13680000
172	0.875	1.4791083	0.47303358	-1.7623326	13760000
173	0.9437499642372131	1.4746562	0.4800072	-1.7608812	13840000
174	0.9312499761581421	1.4736155	0.47574887	-1.7594146	13920000
175	0.9187499284744263	1.4648474	0.45862132	-1.7631204	14000000
176	0.9187499284744263	1.4678972	0.50415766	-1.7620234	14080000
177	0.9500000476837158	1.4829551	0.47308856	-1.7571716	14160000
178	0.956250011920929	1.4839048	0.49347228	-1.7506616	14240000
179	0.981249988079071	1.4701681	0.48892492	-1.7643452	14320000
180	0.96875	1.4729102	0.49780956	-1.7578366	14400000
181	0.9375	1.4757196	0.4839421	-1.7547363	14480000
182	0.9312499761581421	1.475278	0.47420663	-1.7526919	14560000
183	0.8812500238418579	1.4796113	0.48584294	-1.7554511	14640000
184	0.9624999761581421	1.4751332	0.47843024	-1.7523742	14720000
185	0.9375	1.4702018	0.48864782	-1.7611635	14800000
186	0.9375	1.4834327	0.44681436	-1.7523192	14880000
187	0.9249999523162842	1.4606128	0.46532977	-1.7552027	14960000
188	0.9562499523162842	1.4794964	0.4614259	-1.7498413	15040000
189	0.949999988079071	1.4695464	0.46245554	-1.7502421	15120000
190	0.90625	1.4727447	0.48783877	-1.7512256	15200000
191	0.96875	1.4630228	0.49443102	-1.7535971	15280000
192	0.9624999761581421	1.4670205	0.47008106	-1.7562007	15360000
193	0.8937499523162842	1.4613768	0.50776094	-1.7475317	15440000
194	0.9312499761581421	1.4639652	0.47852382	-1.7518535	15520000
195	0.9375	1.475452	0.49885598	-1.7446336	15600000
196	0.9375	1.4686999	0.52913684	-1.7470485	15680000
197	0.8937499523162842	1.478764	0.50292933	-1.7439829	15760000
198	0.9375	1.4700278	0.5077106	-1.742734	15840000
199	0.9312499761581421	1.4682758	0.50341105	-1.7482232	15920000
200	0.9312499761581421	1.4658989	0.48932803	-1.7401054	16000000
201	0.96875	1.4700238	0.48019806	-1.7453538	16080000
202	0.949999988079071	1.4678819	0.44914186	-1.7421731	16160000
203	0.949999988079071	1.4616995	0.48627076	-1.7529998	16240000
204	0.8999999761581421	1.4668434	0.4564247	-1.7416774	16320000
205	0.918749988079071	1.465167	0.49104303	-1.7405704	16400000
206	0.9249999523162842	1.4632305	0.47244945	-1.7458154	16480000
207	0.956250011920929	1.4584417	0.48851082	-1.7469692	16560000
208	0.9125000238418579	1.4606725	0.47363585	-1.74427	16640000
209	0.8999999761581421	1.4701414	0.5121234	-1.7387512	16720000
210	0.90625	1.4684241	0.49836347	-1.7398727	16800000
211	0.956250011920929	1.461909	0.4972532	-1.741249	16880000
212	0.9312499761581421	1.4585923	0.47959113	-1.7381184	16960000
213	0.9437499642372131	1.4696294	0.49568567	-1.7414418	17040000
214	0.893750011920929	1.4503534	0.45393324	-1.7399502	17120000
215	0.9249999523162842	1.4739722	0.51522714	-1.739242	17200000
216	0.9249999523162842	1.469313	0.5241182	-1.7341714	17280000
217	0.9312499761581421	1.4571604	0.5154497	-1.7374988	17360000
218	0.9437499642372131	1.4724969	0.49009153	-1.7329674	17440000
219	0.9562499523162842	1.4627243	0.48035145	-1.7320913	17520000
220	0.9437500238418579	1.4734083	0.54926914	-1.733548	17600000
221	0.9312499761581421	1.461732	0.5037769	-1.7357205	17680000
222	0.9375	1.4621875	0.5352975	-1.7382733	17760000
223	0.9500000476837158	1.4720167	0.49998125	-1.7295221	17840000
224	0.9437500238418579	1.4683716	0.54423565	-1.7291071	17920000
225	0.90625	1.4615681	0.510045	-1.7342584	18000000
226	0.9562499523162842	1.4750301	0.51616603	-1.7304937	18080000
227	0.949999988079071	1.4566123	0.52313375	-1.729909	18160000
228	0.9437500238418579	1.4611988	0.48275068	-1.7297751	18240000
229	0.9312499761581421	1.4553143	0.49292868	-1.730654	18320000
230	0.90625	1.4567271	0.51236606	-1.7293223	18400000
231	0.9375	1.4608256	0.4824487	-1.7320956	18480000
232	0.949999988079071	1.4617156	0.5016252	-1.7299973	18560000
233	0.9437500238418579	1.4511073	0.47747862	-1.7263713	18640000
234	0.949999988079071	1.4684085	0.4844878	-1.7276411	18720000
235	0.925000011920929	1.4645228	0.5156365	-1.7213904	18800000
236	0.9375	1.4559664	0.46742535	-1.7211745	18880000
237	0.9375	1.4575735	0.50733757	-1.7183917	18960000
238	0.9125000238418579	1.4635041	0.46513727	-1.7266629	19040000
239	0.9249999523162842	1.4515778	0.49069157	-1.7272103	19120000
240	0.9312499761581421	1.4599354	0.47792158	-1.7230982	19200000
241	0.90625	1.4530778	0.51895875	-1.7273179	19280000
242	0.949999988079071	1.4483991	0.49492154	-1.7345693	19360000
243	0.9624999761581421	1.4679987	0.50677913	-1.7171657	19440000
244	0.9249999523162842	1.4651575	0.5293335	-1.7220196	19520000
245	0.9437500238418579	1.4535266	0.49947137	-1.7225862	19600000
246	0.893750011920929	1.4536614	0.53346777	-1.7154775	19680000
247	0.925000011920929	1.4630454	0.5110798	-1.7248262	19760000
248	0.875	1.4591247	0.48390985	-1.7188388	19840000
249	0.918749988079071	1.4511055	0.47808194	-1.717451	19920000
250	0.9375	1.4554539	0.50779164	-1.7189336	20000000
251	0.9375	1.4597534	0.4655217	-1.7167163	20080000
252	0.9625000357627869	1.4671277	0.5052025	-1.7183124	20160000
253	0.9375	1.4589714	0.5249685	-1.7079992	20240000
254	0.90625	1.4625968	0.5129689	-1.7181201	20320000
255	0.9312499761581421	1.4580696	0.5031996	-1.7165034	20400000
256	0.9312499761581421	1.445345	0.49865034	-1.7119148	20480000
257	0.918749988079071	1.4471294	0.4866857	-1.7171617	20560000
258	0.9375	1.4507998	0.52712303	-1.7200967	20640000
259	0.9375	1.4449443	0.49727932	-1.7106274	20720000
260	0.9500000476837158	1.4470857	0.4998846	-1.7081319	20800000
261	0.9375	1.4463305	0.47718892	-1.7077605	20880000
262	0.9249999523162842	1.4471172	0.4747945	-1.7106957	20960000
263	0.925000011920929	1.4448863	0.5426439	-1.7191478	21040000
264	0.9562499523162842	1.4454998	0.46830073	-1.7125962	21120000
265	0.9249999523162842	1.4504545	0.5006458	-1.7132788	21200000
266	0.9375	1.4426851	0.48735967	-1.7062646	21280000
267	0.8624999523162842	1.4606379	0.46963185	-1.7053357	21360000
268	0.956250011920929	1.462487	0.4808833	-1.7081424	21440000
269	0.887499988079071	1.4549601	0.49691248	-1.7088442	21520000
270	0.9312499761581421	1.4499775	0.4560135	-1.7095493	21600000
271	0.9562499523162842	1.4548577	0.5029038	-1.7023762	21680000
272	0.9312499761581421	1.448484	0.46574336	-1.7100974	21760000
