Epoch	SuccessRate	AverageLossPi	AverageLossQ	AverageMMDEntropy	TotalEnvInteracts
1	0.0	1.08321	0.116288714	3.3031716	160000
2	0.0	1.8617837	0.07177287	3.4086485	320000
3	0.0	2.4486187	0.07582608	3.6519132	480000
4	0.0	3.000142	0.08287634	3.7920108	640000
5	0.0	3.550903	0.0939645	3.9156504	800000
6	0.0	4.0550413	0.11680121	4.0557756	960000
7	0.0	4.5658965	0.13780108	4.157296	1120000
8	0.0	5.05641	0.15707742	4.2156544	1280000
9	0.0	5.5139647	0.18416888	4.2618957	1440000
10	0.0	5.912876	0.21681537	4.293045	1600000
11	0.0	6.3563085	0.2530552	4.359164	1760000
12	0.0	6.7383304	0.27704713	4.3779683	1920000
13	0.0	7.10072	0.3053533	4.420877	2080000
14	0.0	7.447952	0.33998573	4.4443736	2240000
15	0.0	7.813636	0.37560564	4.473545	2400000
16	0.0	8.152765	0.4048156	4.5087285	2560000
17	0.0	8.451871	0.44152838	4.556168	2720000
18	0.0	8.745385	0.47141898	4.5754843	2880000
19	0.0	9.027126	0.506391	4.6076894	3040000
20	0.0	9.32955	0.54717666	4.6219707	3200000
21	0.0	9.526766	0.5716866	4.657795	3360000
22	0.0062500000931322575	9.733311	0.60794485	4.6778865	3520000
23	0.0062500000931322575	9.970934	0.64804566	4.6826835	3680000
24	0.0062500000931322575	10.236564	0.6876554	4.7050114	3840000
25	0.012500000186264515	10.413997	0.7299291	4.748047	4000000
26	0.0	10.597529	0.7490943	4.7803807	4160000
27	0.01875000074505806	10.79655	0.78712606	4.804012	4320000
28	0.0	11.042647	0.82797337	4.8124804	4480000
29	0.012500000186264515	11.179044	0.8621775	4.821385	4640000
30	0.0	11.376286	0.8924125	4.830485	4800000
31	0.012500000186264515	11.546488	0.94316405	4.847021	4960000
32	0.0062500000931322575	11.703082	0.9828042	4.8914833	5120000
33	0.01875000074505806	11.826365	1.0208517	4.893576	5280000
34	0.0062500000931322575	11.970146	1.0379194	4.8994904	5440000
35	0.0062500000931322575	12.042356	1.0655688	4.894772	5600000
36	0.03750000149011612	12.238197	1.0928576	4.8866544	5760000
37	0.02500000037252903	12.335393	1.163598	4.894993	5920000
38	0.012500000186264515	12.444181	1.193239	4.938036	6080000
39	0.05000000074505806	12.601479	1.2490935	4.9498796	6240000
40	0.0062500000931322575	12.7324915	1.2857788	4.959458	6400000
41	0.04374999925494194	12.8212385	1.30919	4.9630327	6560000
42	0.01875000074505806	12.915161	1.3692027	4.994763	6720000
43	0.04375000298023224	13.0164585	1.3783808	5.0079236	6880000
44	0.06875000149011612	13.11456	1.412645	5.011993	7040000
45	0.05624999850988388	13.2476635	1.4589078	5.041777	7200000
46	0.01875000074505806	13.277092	1.4999171	5.0549917	7360000
47	0.05625000223517418	13.400939	1.5182884	5.0749435	7520000
48	0.10000000149011612	13.449773	1.5547463	5.1021233	7680000
49	0.03750000149011612	13.540517	1.6099164	5.106287	7840000
50	0.09375	13.634629	1.6316454	5.1315203	8000000
51	0.08124999701976776	13.714062	1.6703176	5.1374006	8160000
52	0.08750000596046448	13.754557	1.6847268	5.1358476	8320000
53	0.08749999850988388	13.830441	1.7361821	5.1644254	8480000
54	0.13124999403953552	13.920526	1.7819701	5.17763	8640000
55	0.14375001192092896	13.982358	1.7864817	5.2140245	8800000
56	0.08750000596046448	13.988237	1.8133059	5.199607	8960000
57	0.16249999403953552	14.035428	1.8370867	5.200418	9120000
58	0.10000000149011612	14.116345	1.8772997	5.2160125	9280000
59	0.16250000894069672	14.121303	1.8733696	5.226725	9440000
60	0.18125000596046448	14.203608	1.9118371	5.244448	9600000
61	0.13750000298023224	14.232181	1.9352522	5.2366343	9760000
62	0.15000000596046448	14.278369	1.9634635	5.2499104	9920000
63	0.19999998807907104	14.327517	1.9713038	5.2574043	10080000
64	0.1875	14.355987	1.991648	5.2630854	10240000
65	0.16875000298023224	14.356155	2.0196283	5.27891	10400000
66	0.23125000298023224	14.430442	2.03095	5.285299	10560000
67	0.21250000596046448	14.393801	2.0518184	5.288579	10720000
68	0.19374999403953552	14.396927	2.073769	5.2934	10880000
69	0.2750000059604645	14.418941	2.0612643	5.300677	11040000
70	0.16249999403953552	14.352179	2.0905256	5.30453	11200000
71	0.17500001192092896	14.3766775	2.0911944	5.309085	11360000
72	0.20000000298023224	14.381359	2.0978103	5.3201027	11520000
73	0.23750001192092896	14.333655	2.1066236	5.332444	11680000
74	0.2562499940395355	14.378937	2.1462429	5.3397546	11840000
75	0.32499998807907104	14.368563	2.146952	5.346948	12000000
76	0.3062500059604645	14.344356	2.1461127	5.3496	12160000
77	0.3687499761581421	14.315488	2.1155913	5.353042	12320000
78	0.33125001192092896	14.340425	2.1576421	5.355561	12480000
79	0.2499999850988388	14.330615	2.1688716	5.367875	12640000
80	0.34375	14.297518	2.1614842	5.3770347	12800000
81	0.3687500059604645	14.312137	2.1769772	5.3733506	12960000
82	0.39375001192092896	14.302946	2.1912725	5.3798504	13120000
83	0.38749998807907104	14.282082	2.1786904	5.3864465	13280000
84	0.3687500059604645	14.289089	2.1897898	5.3877916	13440000
85	0.3375000059604645	14.2936	2.1858218	5.3915577	13600000
86	0.39375001192092896	14.292423	2.1870933	5.4006143	13760000
87	0.35625001788139343	14.288409	2.184864	5.4007235	13920000
88	0.43125003576278687	14.236133	2.1805089	5.39303	14080000
89	0.42500001192092896	14.2102165	2.1898983	5.40137	14240000
90	0.39375001192092896	14.207329	2.1769366	5.397946	14400000
91	0.40625	14.201957	2.1836674	5.413884	14560000
92	0.4375	14.215492	2.1465156	5.41477	14720000
93	0.45625001192092896	14.152094	2.1746407	5.4176593	14880000
94	0.518750011920929	14.154311	2.147329	5.423163	15040000
95	0.53125	14.123006	2.1594179	5.4233174	15200000
96	0.4937500059604645	14.100145	2.1549566	5.4228806	15360000
97	0.40625	14.078501	2.147035	5.4300995	15520000
98	0.5562500357627869	14.034775	2.1482825	5.432718	15680000
99	0.612500011920929	14.047079	2.1437907	5.436253	15840000
100	0.5687500238418579	13.980929	2.1514597	5.4396815	16000000
101	0.48750001192092896	13.947698	2.1488154	5.4470735	16160000
102	0.5125000476837158	13.907908	2.1558003	5.4474807	16320000
103	0.5562499761581421	13.875403	2.1639473	5.443774	16480000
104	0.612500011920929	13.825712	2.1537135	5.450028	16640000
105	0.625	13.835623	2.144585	5.456637	16800000
106	0.6000000238418579	13.742131	2.1082325	5.453489	16960000
107	0.6499999761581421	13.712775	2.1242232	5.4532366	17120000
108	0.6187500357627869	13.686086	2.1255796	5.459425	17280000
109	0.6062500476837158	13.667146	2.0945024	5.4579406	17440000
110	0.6000000238418579	13.623789	2.1061568	5.4578314	17600000
111	0.6312500238418579	13.586882	2.1094184	5.4571676	17760000
112	0.6499999761581421	13.529904	2.112512	5.4657955	17920000
113	0.7250000238418579	13.466046	2.1080751	5.4588485	18080000
114	0.6812499761581421	13.41952	2.0953019	5.4694796	18240000
115	0.6437499523162842	13.35778	2.0858924	5.4678116	18400000
116	0.71875	13.291419	2.0677438	5.474042	18560000
117	0.7125000357627869	13.185045	2.0737538	5.469451	18720000
118	0.668749988079071	13.091558	2.051721	5.4758635	18880000
119	0.6625000238418579	13.059442	2.0584478	5.4762897	19040000
120	0.737500011920929	12.950088	2.060478	5.4744062	19200000
121	0.6812499761581421	12.889543	2.0535874	5.4774537	19360000
122	0.6875	12.778975	2.0441437	5.4836287	19520000
123	0.699999988079071	12.646554	2.028261	5.479676	19680000
124	0.7250000238418579	12.56399	2.0407133	5.4824686	19840000
125	0.800000011920929	12.490696	2.0318985	5.480625	20000000
126	0.7250000238418579	12.39283	2.0029848	5.485605	20160000
127	0.6937500238418579	12.263478	1.9943666	5.483426	20320000
128	0.71875	12.183066	2.0095105	5.483838	20480000
129	0.71875	12.160772	1.9891711	5.48263	20640000
130	0.731249988079071	12.08719	1.9887017	5.4818115	20800000
131	0.8125	11.990719	1.9911809	5.485826	20960000
132	0.8062499761581421	11.953077	1.9719876	5.4911942	21120000
133	0.7562500238418579	11.87986	1.9644651	5.4831877	21280000
134	0.8062499761581421	11.751965	1.9615777	5.4823036	21440000
135	0.7687499523162842	11.670401	1.93818	5.480778	21600000
136	0.7437500357627869	11.632975	1.9295063	5.4816494	21760000
137	0.7625000476837158	11.526361	1.9063567	5.479772	21920000
138	0.75	11.400715	1.9122126	5.474821	22080000
139	0.8500000238418579	11.307383	1.9138381	5.4824085	22240000
140	0.75	11.224137	1.9124112	5.486163	22400000
141	0.7875000238418579	11.157256	1.8806227	5.481677	22560000
142	0.800000011920929	11.129814	1.8823401	5.48342	22720000
143	0.8562499284744263	11.025882	1.8765527	5.4780536	22880000
144	0.8687499761581421	10.946578	1.861957	5.478714	23040000
145	0.8499999642372131	10.897103	1.8314949	5.480373	23200000
146	0.8187500238418579	10.814836	1.8621019	5.4820533	23360000
147	0.8812500238418579	10.729584	1.8563691	5.4804006	23520000
148	0.8374999761581421	10.62825	1.7977225	5.481743	23680000
149	0.856249988079071	10.5385685	1.8312845	5.4853687	23840000
150	0.8187500238418579	10.47439	1.7888294	5.4751797	24000000
151	0.887499988079071	10.43074	1.8079145	5.480327	24160000
152	0.8500000238418579	10.350959	1.7663461	5.478202	24320000
153	0.8062499761581421	10.324156	1.7727757	5.4795723	24480000
154	0.8687499761581421	10.282517	1.7684846	5.476878	24640000
155	0.8374999761581421	10.186631	1.7399702	5.480871	24800000
156	0.824999988079071	10.116172	1.7475072	5.4853983	24960000
157	0.8687499761581421	10.051828	1.7326907	5.4859867	25120000
158	0.862500011920929	9.912943	1.7278786	5.4746623	25280000
159	0.8187500238418579	9.89434	1.7064222	5.4742417	25440000
160	0.8624999523162842	9.867801	1.7264436	5.477622	25600000
161	0.8937499523162842	9.762697	1.6972674	5.473567	25760000
162	0.8125	9.654779	1.7008728	5.476625	25920000
163	0.8187500238418579	9.568937	1.6922004	5.4692316	26080000
164	0.8937499523162842	9.453309	1.6660517	5.4612722	26240000
165	0.8562500476837158	9.43827	1.6819003	5.4626403	26400000
166	0.8999999761581421	9.352865	1.6698313	5.467572	26560000
167	0.8687500357627869	9.264698	1.6419419	5.471529	26720000
168	0.8812500238418579	9.193597	1.6340507	5.468739	26880000
169	0.875	9.0723715	1.6380466	5.4588876	27040000
170	0.862500011920929	9.035682	1.6305817	5.4645963	27200000
171	0.8999999761581421	8.960463	1.5858084	5.4647717	27360000
172	0.918749988079071	8.874316	1.5879874	5.4618254	27520000
173	0.893750011920929	8.81919	1.5552503	5.462683	27680000
174	0.875	8.755176	1.5527798	5.463434	27840000
175	0.8812500238418579	8.70035	1.5427772	5.462049	28000000
176	0.918749988079071	8.66558	1.5273695	5.4545813	28160000
177	0.887499988079071	8.591698	1.5116998	5.4495068	28320000
178	0.9125000238418579	8.567621	1.5126384	5.4494247	28480000
179	0.9312499761581421	8.471338	1.4978904	5.44515	28640000
180	0.875	8.418606	1.4988812	5.452059	28800000
181	0.8812500238418579	8.4037285	1.4751587	5.4476757	28960000
182	0.887499988079071	8.329185	1.4742004	5.440361	29120000
183	0.918749988079071	8.275033	1.4608946	5.442801	29280000
184	0.8999999761581421	8.192942	1.4394487	5.44447	29440000
185	0.9187499284744263	8.161308	1.4238262	5.4449778	29600000
186	0.887499988079071	8.108242	1.4220616	5.43837	29760000
187	0.949999988079071	8.034554	1.419882	5.4424486	29920000
188	0.862500011920929	7.965747	1.4107428	5.44446	30080000
189	0.9624999761581421	7.8824043	1.4031395	5.439085	30240000
190	0.90625	7.8318186	1.377812	5.443735	30400000
191	0.9249999523162842	7.805502	1.3951101	5.445917	30560000
192	0.8874999284744263	7.738705	1.3729464	5.441455	30720000
193	0.9312499761581421	7.6886377	1.3865315	5.441781	30880000
194	0.9437500238418579	7.601931	1.3975537	5.4330683	31040000
195	0.9312499761581421	7.538597	1.3487817	5.4286876	31200000
196	0.9125000238418579	7.485739	1.3646827	5.4205265	31360000
197	0.90625	7.476879	1.3286489	5.4243693	31520000
198	0.9437500238418579	7.42695	1.3175792	5.424398	31680000
199	0.9312499761581421	7.3999696	1.3215789	5.4290066	31840000
200	0.96875	7.3638253	1.3123417	5.423846	32000000
201	0.918749988079071	7.329547	1.3081799	5.4112415	32160000
202	0.949999988079071	7.2804165	1.2897586	5.4110737	32320000
203	0.9375	7.1969304	1.285023	5.410816	32480000
204	0.918749988079071	7.168801	1.2661498	5.4082417	32640000
205	0.9249999523162842	7.1084213	1.2697976	5.4093046	32800000
206	0.9125000238418579	7.0761037	1.2544321	5.408662	32960000
207	0.9437500238418579	7.0369506	1.2405858	5.402507	33120000
208	0.90625	7.0235705	1.2357206	5.405363	33280000
209	0.9500000476837158	6.95362	1.2377256	5.406262	33440000
210	0.949999988079071	6.898122	1.2230434	5.3978777	33600000
211	0.8937499523162842	6.885571	1.2179756	5.3928194	33760000
212	0.918749988079071	6.864322	1.190819	5.3872166	33920000
213	0.9375	6.830163	1.1970166	5.386502	34080000
214	0.925000011920929	6.728173	1.182146	5.372346	34240000
215	0.949999988079071	6.670304	1.178007	5.3687	34400000
216	0.9937499761581421	6.6073623	1.1671143	5.371939	34560000
217	0.96875	6.576961	1.1675998	5.3747826	34720000
218	0.9624999761581421	6.5594797	1.1620282	5.3762403	34880000
219	0.9312499761581421	6.506072	1.1297251	5.371826	35040000
220	0.9437499642372131	6.4694405	1.1356574	5.366341	35200000
221	0.96875	6.4089746	1.1207266	5.364344	35360000
222	0.9124999642372131	6.3523226	1.1074629	5.354451	35520000
223	0.9375	6.334536	1.1099768	5.3563156	35680000
224	0.956250011920929	6.2737284	1.0931597	5.351344	35840000
225	0.9375	6.243631	1.0889236	5.3469706	36000000
226	0.9562499523162842	6.233033	1.0772996	5.3442373	36160000
227	0.9312499761581421	6.2000604	1.0730096	5.355356	36320000
228	0.9562499523162842	6.1552196	1.0568893	5.3414497	36480000
229	0.9437500238418579	6.134078	1.0557728	5.3370814	36640000
230	0.9249999523162842	6.1230097	1.0505304	5.324077	36800000
231	0.949999988079071	6.0968485	1.0535057	5.3294334	36960000
232	0.949999988079071	6.0563807	1.0358621	5.3284616	37120000
233	0.96875	6.0225215	1.0372396	5.327017	37280000
234	0.9375	6.0062003	1.0161372	5.3212447	37440000
235	0.949999988079071	5.936885	1.0069805	5.324008	37600000
236	0.949999988079071	5.9233937	0.989268	5.3201385	37760000
237	0.9125000238418579	5.9034195	0.9859719	5.313266	37920000
238	0.918749988079071	5.839723	0.98251677	5.312496	38080000
239	0.96875	5.8259063	0.98068947	5.297652	38240000
240	0.9437499642372131	5.7743216	0.97833467	5.2924843	38400000
241	0.9437499642372131	5.739173	0.95806825	5.293701	38560000
242	0.9812500476837158	5.700914	0.967532	5.294187	38720000
243	0.925000011920929	5.6489897	0.96165663	5.2854114	38880000
244	0.981249988079071	5.618498	0.95162886	5.285906	39040000
245	0.949999988079071	5.5950065	0.9526175	5.287036	39200000
246	0.956250011920929	5.5279837	0.9290714	5.2756853	39360000
247	0.96875	5.492642	0.9360708	5.2672434	39520000
248	0.981249988079071	5.434413	0.9300591	5.261048	39680000
249	0.9437500238418579	5.4003425	0.92639834	5.2543483	39840000
250	0.9124999642372131	5.38101	0.9292233	5.2560267	40000000
251	0.9624999761581421	5.329221	0.91810083	5.2563133	40160000
252	0.9562499523162842	5.2691307	0.9109392	5.2355947	40320000
253	0.949999988079071	5.2620063	0.8976706	5.2324357	40480000
254	0.9812500476837158	5.2236543	0.8930691	5.223701	40640000
255	0.9562499523162842	5.1982236	0.88087034	5.232945	40800000
256	0.987500011920929	5.174592	0.8899359	5.219858	40960000
257	0.9750000238418579	5.1581264	0.8799896	5.2105494	41120000
258	0.987500011920929	5.1097655	0.87615794	5.2201476	41280000
259	0.9312499761581421	5.080406	0.87589836	5.22036	41440000
260	0.9562499523162842	5.0896907	0.8691372	5.2163844	41600000
261	0.981249988079071	5.0467253	0.86201084	5.2042093	41760000
262	0.9750000238418579	5.00611	0.8652594	5.201814	41920000
263	0.956250011920929	4.980808	0.8541349	5.191627	42080000
264	0.9375	4.940458	0.84673226	5.187807	42240000
265	0.9750000238418579	4.948009	0.8657861	5.1946707	42400000
266	0.9624999761581421	4.9460607	0.84227246	5.184553	42560000
267	0.96875	4.911809	0.8333325	5.174933	42720000
268	0.9562499523162842	4.8851757	0.82619643	5.178214	42880000
269	0.918749988079071	4.8468633	0.8246204	5.1697965	43040000
270	0.9500000476837158	4.847718	0.8074256	5.168468	43200000
271	0.9437500238418579	4.8348546	0.82014173	5.159824	43360000
272	0.949999988079071	4.7782683	0.79739195	5.157171	43520000
273	0.981249988079071	4.750678	0.812076	5.1454754	43680000
274	0.9437500238418579	4.7184496	0.7952451	5.143837	43840000
275	0.9624999761581421	4.699869	0.77376074	5.1407957	44000000
276	0.9562499523162842	4.680295	0.7819261	5.1436377	44160000
277	0.956250011920929	4.673828	0.7734016	5.1417685	44320000
278	0.9562499523162842	4.6310334	0.7710356	5.11628	44480000
279	0.9624999761581421	4.6018786	0.7635724	5.1258893	44640000
280	0.96875	4.6071324	0.7572486	5.118539	44800000
281	0.96875	4.5792813	0.76266295	5.1160502	44960000
282	0.9624999761581421	4.5517335	0.766642	5.1122704	45120000
283	0.9562499523162842	4.516893	0.7718917	5.1049795	45280000
284	0.9624999761581421	4.4748406	0.74869776	5.1171427	45440000
285	0.981249988079071	4.452478	0.7432761	5.111047	45600000
286	0.956250011920929	4.453124	0.74289316	5.09248	45760000
287	0.949999988079071	4.418549	0.74476624	5.085356	45920000
288	0.9624999761581421	4.4147487	0.7363125	5.081569	46080000
289	0.96875	4.3587003	0.7250957	5.0785184	46240000
290	0.949999988079071	4.3385506	0.7206421	5.081121	46400000
291	0.9624999761581421	4.316127	0.72101295	5.067588	46560000
292	0.9624999761581421	4.3107886	0.715683	5.070249	46720000
293	0.9624999761581421	4.299524	0.7067688	5.0638547	46880000
294	0.949999988079071	4.302827	0.71465164	5.0687237	47040000
295	0.9750000238418579	4.293924	0.7095804	5.076246	47200000
296	0.9624999761581421	4.298839	0.7059292	5.0902452	47360000
297	0.9750000238418579	4.2763577	0.69963074	5.0754066	47520000
298	0.9750000238418579	4.2765255	0.69710314	5.0653944	47680000
299	0.9750000238418579	4.2144637	0.7045931	5.058372	47840000
300	0.9624999761581421	4.2063146	0.7017488	5.0589757	48000000
