Epoch	SuccessRate	AverageLossPi	AverageLossQ	TotalEnvInteracts
1	0.0	1.3258948	0.1765471	160000
2	0.0	2.2596347	0.14637132	320000
3	0.0062500000931322575	2.947912	0.2031892	480000
4	0.0062500000931322575	3.490208	0.24369724	640000
5	0.0062500000931322575	3.9423745	0.26498756	800000
6	0.0	4.317066	0.2750099	960000
7	0.0	4.7373457	0.28353167	1120000
8	0.0062500000931322575	5.1438165	0.29824135	1280000
9	0.0062500000931322575	5.498343	0.31239057	1440000
10	0.0	5.861076	0.3232687	1600000
11	0.012500000186264515	6.152131	0.34046766	1760000
12	0.0062500000931322575	6.479054	0.35166225	1920000
13	0.0062500000931322575	6.790175	0.36065644	2080000
14	0.0062500000931322575	7.064787	0.37913346	2240000
15	0.0	7.3630986	0.397209	2400000
16	0.0062500000931322575	7.595461	0.41683257	2560000
17	0.0062500000931322575	7.8563113	0.43847826	2720000
18	0.0062500000931322575	8.096483	0.45352185	2880000
19	0.0	8.34083	0.47517285	3040000
20	0.012500000186264515	8.551133	0.49253666	3200000
21	0.0	8.702416	0.5049443	3360000
22	0.0062500000931322575	8.943754	0.523835	3520000
23	0.04374999925494194	9.102364	0.56132925	3680000
24	0.0062500000931322575	9.264234	0.56959045	3840000
25	0.012500000186264515	9.448516	0.5935062	4000000
26	0.03125	9.598537	0.6087829	4160000
27	0.02500000037252903	9.7437935	0.63216674	4320000
28	0.0062500000931322575	9.954994	0.66674113	4480000
29	0.01875000074505806	10.090157	0.7044458	4640000
30	0.01875000074505806	10.278891	0.72759265	4800000
31	0.03125	10.358226	0.7444591	4960000
32	0.03750000149011612	10.475055	0.7476443	5120000
33	0.03125	10.55539	0.7734244	5280000
34	0.05000000074505806	10.603068	0.793894	5440000
35	0.05000000074505806	10.791353	0.81977177	5600000
36	0.05000000074505806	10.821619	0.8165409	5760000
37	0.02500000037252903	10.973391	0.8502602	5920000
38	0.07500000298023224	11.0934305	0.8885639	6080000
39	0.03750000149011612	11.236645	0.92822826	6240000
40	0.03750000149011612	11.28628	0.9267013	6400000
41	0.0625	11.392567	0.94868237	6560000
42	0.05000000074505806	11.432581	0.94408005	6720000
43	0.08124999701976776	11.551332	0.9869064	6880000
44	0.06875000149011612	11.589806	0.9844409	7040000
45	0.05624999850988388	11.652221	1.0167142	7200000
46	0.07500000298023224	11.740094	1.025939	7360000
47	0.10000000149011612	11.811289	1.0309101	7520000
48	0.06875000149011612	11.862508	1.051247	7680000
49	0.06875000149011612	11.920767	1.0842663	7840000
50	0.09375	11.975699	1.0953059	8000000
51	0.09999999403953552	12.049539	1.1172453	8160000
52	0.11249999701976776	12.086559	1.1127875	8320000
53	0.16875000298023224	12.106143	1.1327937	8480000
54	0.07500000298023224	12.150206	1.1425481	8640000
55	0.11250000447034836	12.154295	1.1726553	8800000
56	0.15625	12.206084	1.1679422	8960000
57	0.15625	12.238959	1.1757964	9120000
58	0.07500000298023224	12.30463	1.2096436	9280000
59	0.10000000149011612	12.376165	1.197677	9440000
60	0.15000000596046448	12.435797	1.2062643	9600000
61	0.13124999403953552	12.513584	1.262238	9760000
62	0.16249999403953552	12.5591345	1.2562394	9920000
63	0.14374999701976776	12.5995035	1.26777	10080000
64	0.11250000447034836	12.629379	1.2684493	10240000
65	0.06875000149011612	12.691222	1.2822052	10400000
66	0.19375000894069672	12.719002	1.2740923	10560000
67	0.18125000596046448	12.767385	1.28319	10720000
68	0.07500000298023224	12.849268	1.3180861	10880000
69	0.10625000298023224	12.870135	1.2935805	11040000
70	0.15000000596046448	12.9386	1.2932295	11200000
71	0.19375000894069672	13.02876	1.3086164	11360000
72	0.16249999403953552	13.103823	1.3184093	11520000
73	0.16875001788139343	13.101446	1.3308052	11680000
74	0.15625	13.122221	1.3187823	11840000
75	0.18125000596046448	13.184047	1.358835	12000000
76	0.21875	13.214556	1.3425831	12160000
77	0.16249999403953552	13.246123	1.3622756	12320000
78	0.21875	13.284482	1.3749982	12480000
79	0.22499999403953552	13.314884	1.3609719	12640000
80	0.15000000596046448	13.415744	1.3526653	12800000
81	0.13750000298023224	13.422555	1.34133	12960000
82	0.15000000596046448	13.428765	1.38173	13120000
83	0.23750001192092896	13.513575	1.3825595	13280000
84	0.22500000894069672	13.520127	1.3692641	13440000
85	0.16250000894069672	13.593769	1.3742627	13600000
86	0.1875	13.649731	1.3796818	13760000
87	0.23125000298023224	13.732049	1.381458	13920000
88	0.1875	13.755714	1.4006095	14080000
89	0.19999998807907104	13.783766	1.3933899	14240000
90	0.25	13.815469	1.3804288	14400000
91	0.26250001788139343	13.83618	1.4045106	14560000
92	0.2562499940395355	13.869998	1.386268	14720000
93	0.19375000894069672	13.876735	1.4090519	14880000
94	0.20000000298023224	13.8873415	1.388848	15040000
95	0.3062500059604645	13.951927	1.3862414	15200000
96	0.26875001192092896	13.982528	1.4083282	15360000
97	0.17500001192092896	14.032309	1.3894763	15520000
98	0.22499999403953552	14.048364	1.3924509	15680000
99	0.2562500238418579	14.095349	1.4321355	15840000
100	0.16875000298023224	14.132212	1.4436253	16000000
101	0.19374999403953552	14.137692	1.4067842	16160000
102	0.3062500059604645	14.188291	1.4114655	16320000
103	0.29374998807907104	14.204951	1.4211242	16480000
104	0.26249998807907104	14.258079	1.4536597	16640000
105	0.3062500059604645	14.318687	1.4640433	16800000
106	0.3062500059604645	14.331221	1.4365577	16960000
107	0.21875	14.332438	1.4315456	17120000
108	0.2562500238418579	14.378586	1.4583354	17280000
109	0.24375000596046448	14.392935	1.4324042	17440000
110	0.23750001192092896	14.389185	1.4678149	17600000
111	0.22499999403953552	14.403078	1.4464182	17760000
112	0.20000000298023224	14.508953	1.4411007	17920000
113	0.26875001192092896	14.50952	1.4494997	18080000
114	0.26875001192092896	14.554453	1.4523466	18240000
115	0.29375001788139343	14.628816	1.4855635	18400000
116	0.3812499940395355	14.61161	1.4888033	18560000
117	0.3062500059604645	14.62261	1.4918709	18720000
118	0.23125001788139343	14.6860485	1.465705	18880000
119	0.35625001788139343	14.7001	1.4839556	19040000
120	0.23124998807907104	14.728909	1.4490033	19200000
121	0.2874999940395355	14.747317	1.479421	19360000
122	0.30000001192092896	14.667437	1.4719031	19520000
123	0.3187500238418579	14.758086	1.4878647	19680000
124	0.25	14.77608	1.4922681	19840000
125	0.34375	14.788837	1.4974059	20000000
126	0.29375001788139343	14.774024	1.490112	20160000
127	0.25	14.867482	1.4938108	20320000
128	0.2875000238418579	14.91106	1.5069094	20480000
129	0.30000001192092896	14.971323	1.5186595	20640000
130	0.26250001788139343	14.942819	1.4839741	20800000
131	0.3499999940395355	15.006414	1.5046341	20960000
132	0.3187499940395355	15.015695	1.5215925	21120000
133	0.3187500238418579	14.997295	1.486496	21280000
134	0.27500003576278687	15.017958	1.4964346	21440000
135	0.30000001192092896	14.98231	1.4733357	21600000
136	0.33125001192092896	14.997551	1.5116479	21760000
137	0.26875001192092896	15.053478	1.5143133	21920000
138	0.29375001788139343	15.054658	1.5104485	22080000
139	0.2562500238418579	15.118947	1.5299585	22240000
140	0.33125001192092896	15.145317	1.5137187	22400000
141	0.3812499940395355	15.186974	1.5192009	22560000
142	0.34375	15.219604	1.5275844	22720000
143	0.39375001192092896	15.247329	1.5103285	22880000
144	0.33125001192092896	15.343373	1.5102187	23040000
145	0.3187499940395355	15.303415	1.5227256	23200000
146	0.2750000059604645	15.332855	1.5102645	23360000
147	0.34375	15.364036	1.5144141	23520000
148	0.33125001192092896	15.382953	1.5198265	23680000
149	0.3687500059604645	15.353482	1.5247478	23840000
150	0.26875001192092896	15.3461075	1.5281525	24000000
151	0.33125001192092896	15.363154	1.5400199	24160000
152	0.3687499761581421	15.337674	1.5222859	24320000
153	0.2875000238418579	15.364417	1.546116	24480000
154	0.32500001788139343	15.3826	1.5368305	24640000
155	0.44999998807907104	15.416787	1.5376347	24800000
156	0.29374998807907104	15.44291	1.5140463	24960000
157	0.3062500059604645	15.401239	1.5303893	25120000
158	0.3125	15.3858795	1.5247568	25280000
159	0.39375001192092896	15.346406	1.538033	25440000
160	0.34375	15.370672	1.5428356	25600000
161	0.36250001192092896	15.367258	1.5453335	25760000
162	0.3687500059604645	15.417127	1.5432532	25920000
163	0.32499998807907104	15.453584	1.5432081	26080000
164	0.3687500059604645	15.507203	1.5194814	26240000
165	0.40625	15.505998	1.5434495	26400000
166	0.3812500238418579	15.523201	1.5413963	26560000
167	0.3375000059604645	15.551992	1.5288818	26720000
168	0.36250001192092896	15.527884	1.5368544	26880000
169	0.38749998807907104	15.55257	1.5128001	27040000
170	0.3375000059604645	15.56908	1.5316316	27200000
171	0.33750003576278687	15.559414	1.5303957	27360000
172	0.35625001788139343	15.587957	1.5513396	27520000
173	0.4124999940395355	15.61823	1.5371088	27680000
174	0.34375	15.654205	1.555025	27840000
175	0.36250001192092896	15.710044	1.5596882	28000000
176	0.4312500059604645	15.725836	1.5585092	28160000
177	0.38749998807907104	15.73494	1.5592265	28320000
178	0.4124999940395355	15.697433	1.5313394	28480000
179	0.3500000238418579	15.750954	1.5544646	28640000
180	0.45625001192092896	15.767819	1.5350116	28800000
181	0.36250001192092896	15.800294	1.5484312	28960000
182	0.4375	15.784832	1.5625427	29120000
183	0.3125	15.7872	1.5760633	29280000
184	0.30000001192092896	15.812144	1.5658476	29440000
185	0.34375	15.838183	1.566263	29600000
186	0.4312500059604645	15.860264	1.585521	29760000
187	0.4125000238418579	15.841109	1.5653938	29920000
188	0.33124998211860657	15.848506	1.5481751	30080000
189	0.32499998807907104	15.875741	1.5583212	30240000
190	0.40625	15.892265	1.5672675	30400000
191	0.4437500238418579	15.865885	1.5726259	30560000
192	0.3187500238418579	15.854159	1.563636	30720000
193	0.3500000238418579	15.876302	1.5644971	30880000
194	0.4375	15.903641	1.5543779	31040000
195	0.375	15.903071	1.5677958	31200000
196	0.39375001192092896	15.921984	1.555626	31360000
197	0.43125003576278687	15.94159	1.5616397	31520000
198	0.44999998807907104	15.973192	1.5793657	31680000
199	0.375	15.968182	1.60148	31840000
200	0.41874998807907104	15.990329	1.5867109	32000000
201	0.43125003576278687	16.019659	1.5676005	32160000
202	0.42500001192092896	16.026554	1.5790913	32320000
203	0.4312500059604645	16.012306	1.5652907	32480000
204	0.4125000238418579	15.968804	1.5736123	32640000
205	0.375	15.997158	1.5888501	32800000
206	0.34375	15.975646	1.5605315	32960000
207	0.40625	16.015768	1.5516684	33120000
208	0.36250001192092896	16.073498	1.5847862	33280000
209	0.38749998807907104	16.049934	1.5630087	33440000
210	0.38749998807907104	16.072908	1.6085795	33600000
211	0.38749998807907104	16.089115	1.5691348	33760000
212	0.42500001192092896	16.155455	1.5919079	33920000
213	0.3999999761581421	16.115461	1.572999	34080000
214	0.4437500238418579	16.082691	1.5867033	34240000
215	0.4624999761581421	16.106146	1.6015662	34400000
216	0.4125000238418579	16.163485	1.5837533	34560000
217	0.4125000238418579	16.155182	1.5946182	34720000
218	0.41875001788139343	16.180086	1.5809438	34880000
219	0.375	16.18364	1.5701	35040000
220	0.40625	16.166101	1.6057203	35200000
221	0.47499996423721313	16.186138	1.6009195	35360000
222	0.44999998807907104	16.204304	1.5844084	35520000
223	0.4625000059604645	16.208553	1.5713087	35680000
224	0.4125000238418579	16.218025	1.5970517	35840000
225	0.41874998807907104	16.2755	1.6026683	36000000
226	0.40000003576278687	16.287031	1.5702842	36160000
227	0.4624999761581421	16.267246	1.5881052	36320000
228	0.46875	16.280386	1.5586932	36480000
229	0.49375003576278687	16.27659	1.5803854	36640000
230	0.3687500059604645	16.317427	1.579095	36800000
231	0.4375	16.312958	1.580378	36960000
232	0.41874998807907104	16.315315	1.58958	37120000
233	0.4124999940395355	16.340252	1.6021656	37280000
234	0.45625001192092896	16.339533	1.5597073	37440000
235	0.5250000357627869	16.36672	1.6066375	37600000
236	0.41874998807907104	16.3568	1.5821797	37760000
237	0.45625001192092896	16.409243	1.5757194	37920000
238	0.45624998211860657	16.405254	1.5828099	38080000
239	0.3999999761581421	16.387201	1.5869681	38240000
240	0.5	16.431316	1.5966072	38400000
241	0.5062500238418579	16.454288	1.5741279	38560000
242	0.41874998807907104	16.442886	1.5633761	38720000
243	0.43125003576278687	16.45275	1.5908676	38880000
244	0.46875	16.466541	1.5931953	39040000
245	0.3812500238418579	16.471237	1.5957543	39200000
246	0.46875	16.48625	1.5869986	39360000
247	0.3812500238418579	16.505322	1.5683904	39520000
248	0.4312500059604645	16.478952	1.5671954	39680000
249	0.53125	16.484468	1.5876125	39840000
250	0.44999998807907104	16.52485	1.5855343	40000000
251	0.4312499761581421	16.477962	1.5584211	40160000
252	0.48124998807907104	16.528673	1.570931	40320000
253	0.5250000357627869	16.56103	1.5955558	40480000
254	0.5125000476837158	16.563723	1.5857027	40640000
255	0.48750001192092896	16.53157	1.5924498	40800000
256	0.512499988079071	16.500687	1.5958834	40960000
257	0.4000000059604645	16.509447	1.5841404	41120000
258	0.49375003576278687	16.57754	1.5905219	41280000
259	0.45625001192092896	16.591942	1.585691	41440000
260	0.41874998807907104	16.588617	1.6032563	41600000
261	0.48124998807907104	16.606289	1.5663706	41760000
262	0.5187499523162842	16.679884	1.6078336	41920000
263	0.4937500059604645	16.660261	1.6091533	42080000
264	0.4125000238418579	16.604073	1.5988721	42240000
265	0.518750011920929	16.604488	1.6065242	42400000
266	0.4437500238418579	16.587177	1.5958091	42560000
267	0.45000001788139343	16.595335	1.5955933	42720000
268	0.45625001192092896	16.597189	1.5936893	42880000
269	0.5062500238418579	16.590591	1.6152016	43040000
270	0.4625000059604645	16.568756	1.6085663	43200000
271	0.46875	16.55572	1.6183658	43360000
272	0.512499988079071	16.54144	1.623041	43520000
273	0.4375	16.594334	1.5855021	43680000
274	0.4125000238418579	16.586243	1.6065425	43840000
275	0.46875	16.568382	1.5881872	44000000
276	0.4750000238418579	16.528934	1.6425503	44160000
277	0.48124998807907104	16.508976	1.5923039	44320000
278	0.48750001192092896	16.540295	1.599437	44480000
279	0.46875	16.557537	1.6161013	44640000
280	0.46250003576278687	16.525602	1.6214732	44800000
281	0.45625001192092896	16.552849	1.6238108	44960000
282	0.4375	16.561941	1.6408441	45120000
283	0.5	16.534649	1.6203746	45280000
284	0.5062500238418579	16.589838	1.6332697	45440000
285	0.48750001192092896	16.57565	1.6475881	45600000
286	0.4937500059604645	16.5982	1.6230173	45760000
287	0.5562499761581421	16.567974	1.6215189	45920000
288	0.4625000059604645	16.581509	1.6201398	46080000
289	0.5874999761581421	16.594692	1.6096926	46240000
290	0.5	16.621809	1.624269	46400000
291	0.48124998807907104	16.58427	1.6201733	46560000
292	0.4125000238418579	16.569195	1.6141386	46720000
293	0.5062500238418579	16.570637	1.5998027	46880000
294	0.550000011920929	16.540998	1.6202015	47040000
295	0.45625001192092896	16.500053	1.587301	47200000
296	0.4375	16.525364	1.6112404	47360000
297	0.5250000357627869	16.529789	1.6254907	47520000
298	0.45000001788139343	16.574371	1.6214392	47680000
299	0.518750011920929	16.593184	1.5988386	47840000
300	0.4937500059604645	16.599127	1.5725981	48000000
